"","X","pLW","pLU","pQU","pQH","pMin","pFisher","SW","SL","SWwin","SLwin","SC","SQ","CMCBeta","pBeta","muBk","muPk"
"1","p",0.5485,0.5041,0.0126,7e-04,0.0014,0.0076,39.6812442066867,2.79508685358255,39.6812442066867,2.79508685358255,37.4913253776216,34.6214063946837,0.156365088881143,0.498379255277434,NA,NA
"2","p",0.8572,0.5801,0.1439,0.3169,0.5002,0.5967,11.9658477530175,2.29401199376947,11.9658477530175,2.29401199376947,26.2921920174177,16.6516154127524,0.128333539560823,0.583105805042111,NA,NA
"3","p",0.1989,0.0704,0.0036,0.1058,0.1877,0.1147,85.5130016691348,7.59236404984424,85.5130016691348,7.59236404984424,46.0717974540167,21.7792854478235,0.424738386197281,0.0704170852717728,NA,NA
"4","p",0.1653,0.1432,0.2587,0.1425,0.251,0.1217,93.8065258501562,6.20061887850467,93.8065258501562,6.20061887850467,22.8527235765194,20.7379913481931,0.346880212617637,0.142492660536329,NA,NA
"5","p",0.6567,0.4613,0.1547,0.3285,0.5187,0.5229,30.5509094885487,3.14832190031153,30.5509094885487,3.14832190031153,26.5792813411837,17.4601594108925,0.176126059602649,0.462874396286661,NA,NA
"6","p",0.5089,0.3511,0.2726,0.2972,0.4802,0.4228,42.8296481834917,3.75304420560748,42.8296481834917,3.75304420560748,20.6551608594826,16.0365167480479,0.209955941094458,0.355861637504868,NA,NA
"7","p",9e-04,6e-04,4e-04,5e-04,9e-04,2e-04,216.618623727163,14.1218069158879,216.618623727163,14.1218069158879,56.2657582144008,37.4037120583447,0.790013945625654,0.000688386917970462,0.135742440770503,0.00824961515171412
"8","p",0.0082,0.0127,0.5354,0.3518,0.0158,0.0272,175.011202337538,10.2646380685358,175.011202337538,10.2646380685358,16.6481358587183,15.7953072294145,0.574232976646915,0.0128867247369895,NA,NA
"9","p",0.035,0.0202,0.0831,0.0705,0.0653,0.0259,145.856933211153,10.0282466978193,145.856933211153,10.0282466978193,31.0438468027347,24.5070505601772,0.561008572673405,0.0192183673499388,NA,NA
"10","p",0.6793,0.4027,0.0212,0.2152,0.3632,0.4116,26.3227153318546,3.39339115264797,26.3227153318546,3.39339115264797,32.5388649713123,16.8262122331088,0.189835928895085,0.395344343075377,NA,NA
"11","p",0.4701,0.5662,0.0472,0.0182,0.0347,0.0602,49.3944690161382,2.47353672897196,-49.3944690161382,-2.47353672897196,34.9801117135055,29.8720848963319,-0.138376662600209,0.567292130423871,NA,NA
"12","p",0.4524,0.4607,0.8005,0.695,0.6716,0.6532,51.802928316728,3.15353704049844,51.802928316728,3.15353704049844,12.9907627889116,12.1775552066156,0.176417809341234,0.463617780886838,NA,NA
"13","p",0.1979,0.1838,0.295,0.4735,0.3347,0.3069,86.6449089778207,5.59516152647975,86.6449089778207,5.59516152647975,21.9918384665445,14.9354186851425,0.313009210526316,0.188153736491963,NA,NA
"14","p",0.0041,0.0014,2e-04,5e-04,9e-04,3e-04,186.241381699748,13.0715155140187,186.241381699748,13.0715155140187,68.6743537689107,41.6382010891775,0.73125766469153,0.00169360121865197,0.03149712065338,0.00973858864960043
"15","p",0.2815,0.1534,0.0204,0.0572,0.1048,0.0925,72.9751785797285,5.99579112149533,72.9751785797285,5.99579112149533,37.0387113990344,24.1029444792478,0.335421566747996,0.156254749765296,NA,NA
"16","p",0.7042,0.5343,0.772,0.9779,0.8905,0.9269,25.3482154814401,2.58171271028037,25.3482154814401,2.58171271028037,12.0673234731033,5.36728657290604,0.144428333914256,0.530902642571808,NA,NA
"17","p",0.0157,0.0036,4e-04,0.0237,0.03,0.0075,164.046330061607,12.3506045482866,164.046330061607,12.3506045482866,55.9980049601371,28.1594263339272,0.690927859881492,0.0035552497638348,0.173334396988355,0.00575571350035341
"18","p",0.2019,0.1129,0.0424,0.2653,0.3405,0.2133,81.6746408793795,6.40371781931464,81.6746408793795,6.40371781931464,30.1658058825005,16.38846161203,0.358242143604043,0.111937945594883,NA,NA
"19","p",0.3492,0.2885,0.0399,0.0487,0.0917,0.0963,63.2299629313211,4.47331585669782,63.2299629313211,4.47331585669782,32.8593544196624,24.0864846566879,0.250249980829557,0.288092894869759,NA,NA
"20","p",0.9837,0.7066,0.0085,0.0128,0.0243,0.0797,1.43623407933251,1.63563249221184,1.43623407933251,1.63563249221184,44.0982836137394,30.0921287848164,0.0915019222725689,0.706214651275376,NA,NA
"21","p",0.207,0.0841,0.0349,0.2503,0.3502,0.2098,86.1990798141989,7.31606327102804,86.1990798141989,7.31606327102804,36.0147864819915,18.8550970419914,0.409281336702684,0.0896579165584899,NA,NA
"22","p",0.3166,0.1085,0.004,0.026,0.0486,0.0577,65.792353611691,6.64650426791277,65.792353611691,6.64650426791277,44.0738741434143,25.7384548796264,0.371824306378529,0.111019336385043,NA,NA
"23","p",0.0053,0.0024,3e-04,0.0059,0.0104,0.0012,181.650776367648,12.3834792834891,181.650776367648,12.3834792834891,56.7586220112681,29.194931340066,0.692766965841757,0.00236838203057873,0.199296386843064,0.00354361370716511
"24","p",0.4037,0.3971,0.1535,0.1104,0.1961,0.1857,55.5495807065827,3.55665327102804,55.5495807065827,3.55665327102804,25.8837334050336,21.5526331475748,0.198969275008714,0.397717913735611,NA,NA
"25","p",0.7686,0.8171,0.6955,0.623,0.8388,0.81,20.2028428028291,0.983907757009346,20.2028428028291,0.983907757009346,13.7927159449253,12.1469904507599,0.0550425914952946,0.810213762123251,NA,NA
"26","p",0.154,0.0875,0.0546,0.0471,0.0858,0.0536,90.1758589583713,6.74049704049844,90.1758589583713,6.74049704049844,29.2634693506805,23.1730044337019,0.377082528755664,0.0886986894088275,NA,NA
"27","p",0.0279,0.0114,0.0023,0.0037,0.0072,0.0035,149.00405571682,10.6804878504673,149.00405571682,10.6804878504673,48.4249511227262,33.1241566835928,0.597496793307773,0.0132606179535158,0.256119475255726,0.00354361370716511
"28","p",0.2673,0.1617,0.0085,0.0053,0.01,0.0174,76.876781353806,6.08139517133956,76.876781353806,6.08139517133956,47.0415210296091,37.0489493048464,0.340210500174277,0.165316111814679,NA,NA
"29","p",0.1275,0.1113,0.0135,0.0117,0.0224,0.0174,105.163989216106,6.86260984423676,105.163989216106,6.86260984423676,40.5022441520909,29.6962212714646,0.383913865458348,0.114123713060414,NA,NA
"30","p",0.402,0.213,0.014,0.0137,0.0264,0.0443,57.6668186123609,5.37501246105919,57.6668186123609,5.37501246105919,41.3690696167942,30.215014250325,0.300693447194144,0.207544933967562,NA,NA
"31","p",0.2385,0.1782,0.0584,0.0677,0.121,0.0928,81.9200966321582,5.79842691588785,81.9200966321582,5.79842691588785,33.6209573006157,25.6948971895873,0.324380453119554,0.180882789237622,NA,NA
"32","p",0.5312,0.496,0.4111,0.4658,0.6874,0.5652,41.9815755145236,2.84649295950156,-41.9815755145236,-2.84649295950156,18.8294424447424,14.4711484657495,-0.159240892296968,0.4964556302246,NA,NA
"33","p",0.0023,3e-04,4e-04,0.0027,0.0046,6e-04,208.711948369701,14.8643398130841,208.711948369701,14.8643398130841,58.035118315691,34.3453902655965,0.831553342628093,0.000426790409782324,0.152244904607371,0.00779148797561003
"34","p",0.8755,0.6299,0.2157,0.4277,0.6399,0.7099,10.9521357878429,2.07011869158878,10.9521357878429,2.07011869158878,25.1622443939972,15.8819481058477,0.115808313001046,0.629430942219337,NA,NA
"35","p",0.0669,0.0353,0.0146,0.0224,0.0424,0.0162,128.936761475303,9.29728887850467,128.936761475303,9.29728887850467,41.1218694656568,28.3614405368092,0.520116718368769,0.0322663577938708,0.457840246453049,0.00818007799105546
"36","p",6e-04,7e-04,0.0624,0.0306,0.0011,8e-04,246.133216906473,15.2930662928349,246.133216906473,15.2930662928349,31.8308977227294,27.1749119402577,0.855537518299059,0.000291335412700496,0.0971206550995645,0.00779148797561003
"37","p",0.0163,0.0131,0.0186,0.0025,0.0049,0.0015,165.361337747633,10.5644192523364,165.361337747633,10.5644192523364,40.2257847704928,33.6608777183967,0.591003586615545,0.0147864197198795,0.135152708882362,0.00350805905458486
"38","p",1e-04,3e-04,0.1709,0.1646,2e-04,6e-04,242.204028330407,14.8843009345794,242.204028330407,14.8843009345794,26.0685864921058,20.5706155325115,0.832670024398745,0.000453674721541965,NA,NA
"39","p",0.152,0.0382,0.0041,0.0873,0.1562,0.0826,93.2075427632236,8.3628692211838,93.2075427632236,8.3628692211838,41.7527129790736,20.4182814106904,0.467842631578947,0.0357119464829053,NA,NA
"40","p",0.0234,0.0102,0.0017,9e-04,0.0017,0.001,150.303922688182,10.6489251713396,150.303922688182,10.6489251713396,51.1521229260648,37.5460902233102,0.595731087486929,0.0112148426682354,0.291838975097121,0.00240939776868121
"41","p",0.7716,0.6705,0.0733,0.0193,0.0374,0.0884,20.5837323615791,1.87157214953271,-20.5837323615791,-1.87157214953271,33.418587454171,30.9472178865442,-0.104701056117114,0.672616717696223,NA,NA
"42","p",0.3064,0.2296,0.6234,0.6117,0.4875,0.4846,64.2852340257392,4.79103909657321,64.2852340257392,4.79103909657321,13.8578050001611,11.3481945350153,0.268024320320669,0.229969920225029,NA,NA
"43","p",0.1535,0.0995,0.0034,0.0108,0.0213,0.0188,94.0587075592375,6.75130152647975,94.0587075592375,6.75130152647975,42.9108746568398,27.1887415015414,0.377686962356221,0.0992043336629773,NA,NA
"44","p",0.1746,0.1914,0.3389,0.1576,0.2719,0.1369,87.4057004270816,5.31401732087227,87.4057004270816,5.31401732087227,19.0781914812482,18.6291332008036,0.29728120599512,0.189271267132217,NA,NA
"45","p",3e-04,0,0.001,0.0011,6e-04,0,240.495002354103,16.4241540809969,240.495002354103,16.4241540809969,50.7090137642209,32.8011086184806,0.918813778319972,4.55863503818913e-05,-0.0712732324223344,0.00393640796424218
"46","p",0.033,0.0217,0.0118,0.0025,0.005,0.0026,145.094318411334,9.83003875389408,145.094318411334,9.83003875389408,42.8311959316796,36.8676481083382,0.549920257929592,0.0218156748184931,0.431381655011058,0.00240939776868121
"47","p",0.0819,0.0944,0.0261,0.0292,0.0551,0.0259,111.238070258441,6.74650806853583,111.238070258441,6.74650806853583,32.9758908233006,24.2357367181713,0.377418802718717,0.0941171376526846,NA,NA
"48","p",0.0104,0.0035,0.0032,0.1118,0.0202,0.0164,171.105068964307,12.4046456697819,171.105068964307,12.4046456697819,42.7144212022747,19.9240038518998,0.693951073544789,0.00235955052677918,NA,NA
"49","p",0.0049,0.0126,0.0388,0.0087,0.0095,0.0017,190.302152216311,10.772119376947,190.302152216311,10.772119376947,36.575815739604,32.8521078215255,0.602622920878355,0.013716000848837,0.320821542734281,0.00792805439932982
"50","p",0.0278,0.0229,0.0563,0.0446,0.0515,0.0165,142.807046622791,9.2590807165109,142.807046622791,9.2590807165109,30.8286132568781,24.621630652826,0.517979245381666,0.0241313775518847,0.306913463327746,0.00198753211158498
"51","p",0.1989,0.1694,0.6431,0.6309,0.3365,0.3756,85.5679221561686,5.72011295950156,85.5679221561686,5.72011295950156,14.8559959184914,12.2095236983548,0.31999934820495,0.168556177913031,NA,NA
"52","p",0.1135,0.0758,0.227,0.6174,0.204,0.2565,101.158649541836,7.11328062305296,101.158649541836,7.11328062305296,21.7358873178725,11.9320683481127,0.397937100034855,0.0804139814970064,NA,NA
"53","p",0.0036,0.0054,0.1143,0.054,0.007,0.0037,196.56752086162,11.8540756697819,196.56752086162,11.8540756697819,28.2699146265255,24.4631549524784,0.663150625653538,0.00563856801756735,NA,NA
"54","p",0.2121,0.1788,0.1788,0.5112,0.3584,0.3373,78.8231654477029,5.36250962616823,78.8231654477029,5.36250962616823,22.2023752039423,12.8131573957804,0.299994003136981,0.177834664899577,NA,NA
"55","p",0.0151,0.0209,0.0473,0.0618,0.0285,0.0145,159.923798169339,9.47871171339564,159.923798169339,9.47871171339564,33.3483598248479,24.499714418638,0.530266026490066,0.0232188276792111,NA,NA
"56","p",0.1373,0.0829,0.0679,0.2748,0.2436,0.1696,98.3903397897408,7.18667769470405,98.3903397897408,7.18667769470405,30.3810114388443,17.5350689486126,0.402043140467062,0.0861176886902334,NA,NA
"57","p",0.0718,0.0436,0.0067,0.0532,0.0984,0.0367,120.86331810608,8.42084669781931,120.86331810608,8.42084669781931,42.9313583613957,24.8071512374327,0.471086056117114,0.0445157855028146,NA,NA
"58","p",0.0033,0.0047,0.2059,0.166,0.0063,0.0088,197.980445134517,12.0330030218069,197.980445134517,12.0330030218069,25.0811780872974,20.8749451721302,0.67316032938306,0.00489321114757617,NA,NA
"59","p",0.1764,0.1406,0.7202,0.6979,0.2999,0.3676,91.976159926382,6.26624065420561,91.976159926382,6.26624065420561,14.6128555094231,12.1475514777406,0.350551280934123,0.143621635821009,NA,NA
"60","p",0.33,0.2994,0.4259,0.2543,0.4215,0.291,62.5451356808686,4.18004121495327,62.5451356808686,4.18004121495327,17.0458411603912,15.745664097106,0.233843365284071,0.293825501721112,NA,NA
"61","p",0.0673,0.0417,0.2711,0.4576,0.1242,0.1483,124.161714409652,8.65224573208723,124.161714409652,8.65224573208723,22.8161606817461,15.2299978880647,0.484031174625305,0.0430427542080118,NA,NA
"62","p",0.0063,0.0036,0.0083,0.0136,0.0123,0.0025,182.263366470888,12.2438881619938,182.263366470888,12.2438881619938,39.6469052745901,27.2947284963467,0.684957842453817,0.00325112021750255,0.0354332406732149,0.00824961515171412
"63","p",0.0756,0.0522,0.3508,0.3406,0.1372,0.1315,117.643897732825,8.03700813084112,117.643897732825,8.03700813084112,19.690039496467,15.8806255921374,0.449613037643778,0.0507745039405369,NA,NA
"64","p",0.7065,0.5528,0.2417,0.3649,0.5674,0.5798,24.2669854902578,2.35894710280374,24.2669854902578,2.35894710280374,20.7222510016994,14.5465346701687,0.131966193795748,0.55484209473778,NA,NA
"65","p",0.0097,0.0075,0.0023,0.0026,0.0051,0.0013,174.86616625823,11.2954390342679,174.86616625823,11.2954390342679,48.5389019142388,33.4200893727014,0.631898907284768,0.00593133311937895,0.139130281348642,0.00818007799105546
"66","p",0.1379,0.0961,0.3547,0.5188,0.242,0.2619,103.717563387956,7.27257302180685,103.717563387956,7.27257302180685,22.163388655317,15.0269516527729,0.406848368769606,0.0980199985206005,NA,NA
"67","p",0.1058,0.1065,0.7952,0.7208,0.1897,0.2668,109.173512812199,6.81162118380062,109.173512812199,6.81162118380062,13.0984692035366,11.9036496338993,0.381061415127222,0.108299236134678,NA,NA
"68","p",0.5905,0.3899,0.032,0.0756,0.1386,0.1903,36.7352859916935,3.6700777258567,36.7352859916935,3.6700777258567,35.2596087096441,23.2446690708147,0.205314560822586,0.390282303709955,NA,NA
"69","p",0.4323,0.3324,0.0289,0.0549,0.1013,0.1219,50.8031086596147,3.99775890965732,50.8031086596147,3.99775890965732,32.9837827667818,22.4947462205498,0.223645975949808,0.325364924697601,NA,NA
"70","p",0.3523,0.2923,0.375,0.4528,0.5493,0.4309,63.1612399372102,4.44735940809969,63.1612399372102,4.44735940809969,20.1627247894642,14.9680158403056,0.24879790345068,0.292970758795063,NA,NA
"71","p",0.3983,0.613,0.0148,0.004,0.0078,0.0187,56.2261726584843,2.09974676012461,-56.2261726584843,-2.09974676012461,37.773909566856,32.2830902115816,-0.117465791216452,0.609574302689283,NA,NA
"72","p",0.0844,0.0463,0.1256,0.2674,0.1513,0.1195,113.441390529861,8.23204847352025,113.441390529861,8.23204847352025,26.9870327366226,17.4354591987488,0.460524147786685,0.046877180402271,NA,NA
"73","p",0.2995,0.3016,0.9926,0.9935,0.4821,0.6281,69.4811076421244,4.3697153271028,69.4811076421244,4.3697153271028,6.25792463645181,5.21734054200882,0.244454273265946,0.303878167242369,NA,NA
"74","p",0.63,0.4178,0.1835,0.1998,0.3403,0.3771,35.1290389313742,3.63852632398754,35.1290389313742,3.63852632398754,26.6916589410279,20.3124019386305,0.203549485883583,0.407430232435611,NA,NA
"75","p",0.5912,0.7407,0.003,0.0029,0.0058,0.019,37.328630643661,1.4684076635514,37.328630643661,1.4684076635514,50.7507684557746,36.637626351462,0.0821468909027535,0.740098052964211,NA,NA
"76","p",0.1425,0.1432,0.1046,0.0382,0.0716,0.0435,102.780997242838,6.44982641744548,102.780997242838,6.44982641744548,29.9864000694554,26.5913511919045,0.360821589403973,0.141131616898064,NA,NA
"77","p",0.492,0.2638,0.0107,0.0886,0.1598,0.1842,46.9506823292635,4.85682984423676,46.9506823292635,4.85682984423676,41.6564708439259,22.6733326267725,0.271704841408156,0.25668183538839,NA,NA
"78","p",0.7527,0.5917,0.822,0.9436,0.9227,0.9373,21.576181804297,2.29707221183801,21.576181804297,2.29707221183801,12.5586246022912,7.48275719611742,0.128504736842105,0.593710429768137,NA,NA
"79","p",0.0506,0.0445,0.0091,0.0157,0.0303,0.0121,131.282917813015,8.50625894080997,131.282917813015,8.50625894080997,39.6708435156575,27.1641528073966,0.475864259323806,0.0451645556104561,0.344134020086705,0.00629325817249726
"80","p",0.0497,0.0508,0.3719,0.2944,0.0925,0.0906,130.03415032001,8.06893579439252,130.03415032001,8.06893579439252,19.87182876072,17.2911755374132,0.451399161728825,0.0524322793999915,NA,NA
"81","p",0.0573,0.0316,0.2177,0.4379,0.1039,0.1284,127.088743091314,9.01357411214953,127.088743091314,9.01357411214953,23.2322483057807,14.7157256970418,0.504244909376089,0.030792920406673,NA,NA
"82","p",0.0014,0.0015,0.0127,0.0076,0.0026,5e-04,212.322331923368,13.3706115264798,212.322331923368,13.3706115264798,40.4658408592569,31.0707619164912,0.747989944231439,0.00177898273766841,0.164495256088669,0.00929355082138504
"83","p",9e-04,2e-04,0.0069,0.0135,0.0018,7e-04,207.157204997828,14.0480788785047,207.157204997828,14.0480788785047,42.9373854736148,30.38285306914,0.78588939003137,0.000447388567982252,0.133141451812258,0.00973858864960043
"84","p",0.0443,0.042,0.6507,0.5955,0.0833,0.1295,137.257066881457,8.6721514953271,137.257066881457,8.6721514953271,16.0741020910242,13.8081498229762,0.485144759498083,0.0431097631385052,NA,NA
"85","p",0.4236,0.3839,0.1903,0.2361,0.3901,0.3215,57.4285934832697,3.92100093457944,57.4285934832697,3.92100093457944,27.3288994644553,20.4081498561481,0.219351917044266,0.37905703710743,NA,NA
"86","p",0.0818,0.0522,0.0266,0.023,0.0441,0.0207,121.615526628674,8.55637859813084,121.615526628674,8.55637859813084,38.0356748143955,28.6841992543593,0.478668095155106,0.0478806103355586,0.490563270721107,0.000977470766174545
"87","p",0.0806,0.0481,0.0136,0.1275,0.1442,0.072,118.15862730784,8.37731333333333,118.15862730784,8.37731333333333,40.5681032206889,21.6638225801655,0.468650676193796,0.0489440467199248,NA,NA
"88","p",0.0022,7e-04,0.0097,0.0041,0.0044,1e-04,202.798747585225,13.6907580373832,202.798747585225,13.6907580373832,39.9158465820849,30.4584803695469,0.765899848379226,0.000891813140581291,0.118550404060537,0.00869465297992952
"89","p",0.0224,0.0105,0.0178,0.0299,0.0411,0.0123,154.235906220036,10.7937354205607,154.235906220036,10.7937354205607,37.8220819664216,26.1201584918828,0.603832183687696,0.00989015399567108,0.224481304063442,0.00557938818242173
"90","p",0.002,0.001,0.0349,0.059,0.0039,0.0031,210.851842792253,13.8094572274143,210.851842792253,13.8094572274143,33.2956084210156,23.5706522650364,0.772540217845939,0.000945363572161434,NA,NA
"91","p",0.0072,0.0044,0.0072,0.0106,0.0138,0.0026,195.157304825011,13.0995174454829,195.157304825011,13.0995174454829,49.0092694845365,34.0435783424508,0.73282417218543,0.00348417176416724,0.213962878824386,0.0101864577606744
"92","p",0.1293,0.0974,0.8007,0.872,0.2286,0.3487,97.9654949890685,6.70489557632399,97.9654949890685,6.70489557632399,11.7377849860613,8.5379517842886,0.375090881840362,0.0984161070805485,NA,NA
"93","p",0.0588,0.048,0.0425,0.0104,0.0197,0.0103,132.159525332901,8.7742077258567,132.159525332901,8.7742077258567,36.6714331617852,32.4794101886888,0.49085407459045,0.0473419106318817,0.428824865736877,0.00240939776868121
"94","p",0.4781,0.4902,0.4664,0.2567,0.4223,0.367,43.9086647627205,2.67322080996885,43.9086647627205,2.67322080996885,15.3665559520497,14.9959467092276,0.149547556639944,0.490391133294113,NA,NA
"95","p",0.7212,0.5342,0.4832,0.5819,0.7967,0.7527,25.3654524972901,2.76570629283489,25.3654524972901,2.76570629283489,19.124425557578,14.0940871881013,0.154721456953642,0.525629581612543,NA,NA
"96","p",0.031,0.0615,0.0507,0.0141,0.0277,0.0078,150.856329502075,8.18506295950156,150.856329502075,8.18506295950156,34.5468316250437,30.8434994378706,0.457895644823981,0.0597353589773202,NA,NA
"97","p",0.3237,0.3981,0.2598,0.1943,0.3308,0.2379,69.0923505025167,3.68165320872274,69.0923505025167,3.68165320872274,24.6476876130718,21.1763734922428,0.205962126176368,0.400786991793663,NA,NA
"98","p",0.2192,0.2232,0.5826,0.4206,0.3667,0.3024,86.2262030479073,5.39080822429907,86.2262030479073,5.39080822429907,17.7869006731862,16.7816918077047,0.301577107005925,0.220943618193963,NA,NA
"99","p",0.2834,0.2226,0.5743,0.646,0.461,0.4711,73.5311305973147,5.27520990654206,73.5311305973147,5.27520990654206,17.1691306018279,12.907131051748,0.295110209132102,0.220280199999782,NA,NA
"100","p",0.2732,0.2304,0.0498,0.0147,0.0281,0.0356,76.7040269379855,5.28680869158879,76.7040269379855,5.28680869158879,34.5228912339739,29.40538312579,0.295759078075985,0.232162836312554,NA,NA
"101","p",0.0816,0.0421,0.0345,0.0341,0.065,0.0285,112.144612500053,8.096266105919,112.144612500053,8.096266105919,31.0463571235997,23.4599400545104,0.452928096897874,0.0439563043433849,0.465965542652489,0.00253933349040551
"102","p",0.01,0.0037,0.0081,0.0928,0.0195,0.0139,174.486072448596,12.4795819937695,174.486072448596,12.4795819937695,43.5028036228915,22.8788376199974,0.698143224119902,0.00286122787515026,NA,NA
"103","p",0.0363,0.0201,0.0892,0.1168,0.0677,0.0386,143.597160072851,9.96454881619938,143.597160072851,9.96454881619938,29.9942002541306,21.8256782895084,0.557445132450331,0.0196851512865437,NA,NA
"104","p",0.2277,0.2539,0.545,0.4438,0.3807,0.3269,85.3935839672173,5.07578130841121,85.3935839672173,5.07578130841121,18.7372319401841,16.6851937701184,0.283953607528756,0.251353931846741,NA,NA
"105","p",0.0781,0.058,0.0466,0.0696,0.1259,0.0432,120.193417250103,8.11468420560748,120.193417250103,8.11468420560748,32.1912908168246,23.0529400588903,0.453958457650749,0.0539691388097964,NA,NA
"106","p",0.2226,0.1782,0.3752,0.3873,0.374,0.2949,77.9884964188624,5.41597118380062,77.9884964188624,5.41597118380062,18.2681558909792,14.5260184717917,0.302984794353433,0.178220545495099,NA,NA
"107","p",0.0224,0.0115,0.2032,0.3082,0.0427,0.0535,149.639388500754,10.2617322741433,149.639388500754,10.2617322741433,23.7845151532058,16.72156326196,0.574070418264203,0.0137386855486847,NA,NA
"108","p",0.307,0.2766,0.0491,0.0089,0.0173,0.0258,67.020932394678,4.46339096573209,67.020932394678,4.46339096573209,29.9333402909444,27.8788440206714,0.24969475426978,0.274093485132483,NA,NA
"109","p",0.6932,0.6025,0.2357,0.1111,0.1972,0.2746,25.2669830599719,2.09102352024922,25.2669830599719,2.09102352024922,21.8048274011496,20.0393222353097,0.116977788428024,0.609543295184083,NA,NA
"110","p",0.3183,0.329,0.2709,0.1953,0.3327,0.2333,69.8436176438129,4.23145165109034,69.8436176438129,4.23145165109034,23.7162403411426,20.2328015924595,0.23671941094458,0.331439331584869,NA,NA
"111","p",0.0987,0.0787,0.158,0.3233,0.1768,0.1474,110.83490856387,7.4103869470405,110.83490856387,7.4103869470405,26.5856042687177,17.3275179210176,0.414558070756361,0.0821498757122286,NA,NA
"112","p",0.46,0.5346,0.2671,0.0996,0.1792,0.19,53.32122816439,2.79811224299065,53.32122816439,2.79811224299065,26.3078310299814,25.2615298089033,0.156534337748344,0.539938436080423,NA,NA
"113","p",0.0051,0.0045,0.049,0.0213,0.0096,0.0027,184.3558289594,11.7821201557632,184.3558289594,11.7821201557632,31.7289348962651,26.4852679846993,0.659125230045312,0.00453460496090159,0.165429397716819,0.00282729914395665
"114","p",0.0724,0.0359,1e-04,0.0024,0.0047,0.0046,118.706743588086,8.78284143302181,118.706743588086,8.78284143302181,53.4358301318519,31.4403000487528,0.49133706866504,0.0349382596770025,0.484741723118522,0.00240939776868121
"115","p",0.0663,0.0525,0.0152,0.0081,0.0156,0.0081,126.941605690748,8.43345504672897,126.941605690748,8.43345504672897,40.7168882725724,32.493603746499,0.471791402927849,0.0521093322523588,NA,NA
"116","p",0.1714,0.1311,0.0169,0.034,0.0638,0.0453,94.787493640183,6.51520632398754,94.787493640183,6.51520632398754,39.0629311220185,26.2015882435488,0.364479126873475,0.124918458790639,NA,NA
"117","p",0.0131,0.0128,0.0069,0.0019,0.0037,0.0016,171.404019756126,10.8861591588785,171.404019756126,10.8861591588785,45.9486546311882,35.1843471140143,0.60900262983618,0.0116259874941984,0.318867560556545,0.00253933349040551
"118","p",2e-04,3e-04,0.0349,0.0251,4e-04,5e-04,256.449089481972,15.1690985669782,256.449089481972,15.1690985669782,37.8807417342874,29.8668563014907,0.84860241199024,0.000435551250870111,0.155915546533487,0.010202492211838
"119","p",0.2302,0.3421,0.209,0.3279,0.3824,0.2618,85.143093826479,4.20517856697819,85.143093826479,4.20517856697819,26.6853095864089,18.7312488438921,0.235249620076682,0.345715509465412,NA,NA
"120","p",0.0263,0.0164,0.1077,0.1204,0.0493,0.0335,147.981998185456,9.97439498442368,147.981998185456,9.97439498442368,26.6582910717068,20.0820930053978,0.557995955036598,0.0140349680614591,NA,NA
"121","p",0.056,0.0131,0,7e-04,0.0014,0.0022,133.047782708074,10.8440633021807,133.047782708074,10.8440633021807,77.7464959773194,39.1228916429698,0.606647668177065,0.0122873313483737,0.289851953180881,0.00350805905458486
"122","p",0.091,0.1078,0.4975,0.3327,0.1632,0.1451,115.107554601765,6.92446429906542,115.107554601765,6.92446429906542,18.5042047278636,17.1456800329619,0.3873741791565,0.105296425649446,NA,NA
"123","p",0.0616,0.0751,0.0803,0.0307,0.0566,0.0209,129.738275661625,7.73159408099689,129.738275661625,7.73159408099689,30.4958600859804,26.8585238730116,0.432527309166957,0.0699722822852519,NA,NA
"124","p",0.3169,0.2254,0.077,0.0682,0.1244,0.1114,68.3350347971068,5.16811797507788,68.3350347971068,5.16811797507788,30.133237134431,23.5068871398447,0.289119182642035,0.223594444979094,NA,NA
"125","p",0.6728,0.6734,0.2937,0.1927,0.3282,0.3812,29.2465218382458,1.84263647975078,-29.2465218382458,-1.84263647975078,21.3758307101808,19.121882053763,-0.103082312652492,0.660261412915208,NA,NA
"126","p",0.0095,0.0162,0.4086,0.2173,0.0183,0.0242,178.059709412669,10.2841359501558,178.059709412669,10.2841359501558,20.2421392697301,19.8223641936354,0.575323743464622,0.0166146044158422,NA,NA
"127","p",0.4494,0.2585,0.0706,0.263,0.4198,0.3475,51.9165249673481,4.88091470404984,51.9165249673481,4.88091470404984,35.9895937819311,17.9085154329659,0.273052216800279,0.257520215892913,NA,NA
"128","p",0.1629,0.2074,0.4863,0.2734,0.2799,0.1865,93.8439009358925,5.33619707165109,93.8439009358925,5.33619707165109,18.7303006131507,18.5627533093576,0.298522004182642,0.215141018539718,NA,NA
"129","p",0.0528,0.0141,0.0019,0.0246,0.0461,0.0177,134.372352829298,10.764068847352,134.372352829298,10.764068847352,54.6603701854488,29.8842974629159,0.602172551411642,0.0130582405236733,0.259649291907502,0.00890075656430796
"130","p",0.894,0.8652,0.1681,0.4645,0.686,0.752,8.69128682286244,0.694594672897197,-8.69128682286244,0.694594672897197,23.3159776691742,13.5180466334911,0.0388575967235972,0.864247870758029,NA,NA
"131","p",0.5437,0.4149,0.0155,0.0437,0.0807,0.1225,39.5851156073798,3.33296744548286,39.5851156073798,3.33296744548286,36.1418138797244,23.5271380348775,0.186455655280586,0.414833859491528,NA,NA
"132","p",0.1248,0.1478,0.0074,0.001,0.002,0.0046,108.803019350719,6.40544685358255,108.803019350719,6.40544685358255,54.1195717914696,51.369353579034,0.35833887068665,0.146360178782927,NA,NA
"133","p",0.0636,0.0765,0.1054,0.0483,0.0905,0.0296,129.533408880946,7.72242199376947,129.533408880946,7.72242199376947,30.4810494244666,26.2151073093334,0.432014196584176,0.0792353136977755,NA,NA
"134","p",0.1219,0.0492,0.1364,0.4311,0.2111,0.2065,105.168751353881,8.33620841121495,105.168751353881,8.33620841121495,28.1099776897041,15.5992232246516,0.46635115022656,0.0516433548876043,NA,NA
"135","p",0.7966,0.909,0.1147,0.1092,0.194,0.291,17.5565944720383,0.47614968847352,17.5565944720383,0.47614968847352,28.1700114268102,21.9560355023956,0.0266371645172532,0.910829894403934,NA,NA
"136","p",0.0047,0.0017,0.0022,0.0058,0.0093,5e-04,193.205113226342,13.6361825545171,193.205113226342,13.6361825545171,46.4951633334225,29.2470940688384,0.762846741024747,0.00135199193846803,0.135788259746705,0.00824961515171412
"137","p",0.5007,0.4046,0.0605,0.0585,0.1064,0.1407,45.280852424078,3.50725950155763,45.280852424078,3.50725950155763,33.8244463950688,26.4387705079332,0.196206047403276,0.414878558223056,NA,NA
"138","p",0.8532,0.8965,0.5716,0.5446,0.7667,0.7956,12.0430365672425,0.545504236760125,12.0430365672425,0.545504236760125,16.3145581833471,13.5784762025396,0.0305170547228999,0.896028144580419,NA,NA
"139","p",0.116,0.18,0.3682,0.2201,0.2066,0.1296,111.61197272232,5.97361339563863,111.61197272232,5.97361339563863,22.3311218782726,20.6468786290718,0.334180881840362,0.177557354854832,NA,NA
"140","p",0.3059,0.1223,0.0383,0.1319,0.2287,0.1772,65.8097088846885,6.19756258566978,65.8097088846885,6.19756258566978,32.585145783767,19.9676166067809,0.346709234925061,0.125890793335199,NA,NA
"141","p",0.0036,9e-04,0.0022,0.0116,0.0071,0.0012,179.944747587468,12.9871305919003,179.944747587468,12.9871305919003,43.8927647806813,25.6288311959004,0.726536932729174,0.00113171387698457,0.111743569779335,0.00779148797561003
"142","p",0.6488,0.5564,0.0112,0.031,0.0579,0.1118,31.2021924663063,2.49076595015576,31.2021924663063,2.49076595015576,44.8776621878139,29.7009700661951,0.139340514116417,0.559789884057976,NA,NA
"143","p",0.0288,0.0303,0.0647,0.0272,0.0517,0.0117,154.940278007779,9.53953208722741,154.940278007779,9.53953208722741,33.9365270785401,29.4115301739232,0.533668490763332,0.0296753794212324,0.418218005912131,0.00240939776868121
"144","p",0.6577,0.431,0.09,0.1513,0.2639,0.3229,31.1783117281235,3.44497146417446,31.1783117281235,3.44497146417446,30.3346896898453,21.3790700153682,0.192721477866853,0.426519055729097,NA,NA
"145","p",0.4511,0.2399,0.0146,0.0843,0.1515,0.1681,51.4201561737604,5.11160236760125,51.4201561737604,5.11160236760125,40.1305083888285,23.5028833293282,0.285957539212269,0.235924994790721,NA,NA
"146","p",0.1252,0.0766,0.0632,0.0306,0.058,0.0352,104.838761633124,7.54808420560748,104.838761633124,7.54808420560748,32.173394888748,27.0333486083956,0.422261246078773,0.0817538313832575,NA,NA
"147","p",0.9011,0.9637,0.3158,0.4449,0.6584,0.7385,8.41724623800191,0.182479750778818,-8.41724623800191,0.182479750778818,20.3597032892772,14.4173258642237,0.0102084349947718,0.964760071118581,NA,NA
"148","p",0.0088,0.0034,0.0056,0.0299,0.0166,0.0069,175.300377787381,12.3719067601246,175.300377787381,12.3719067601246,43.1748764777769,25.6279683614312,0.692119566050889,0.00298616529658096,0.118212634078879,0.00824961515171412
"149","p",0.0094,0.0047,0.0058,0.0086,0.0166,0.0025,178.515545125856,12.0921381619938,178.515545125856,12.0921381619938,45.1455221598153,32.2667913522317,0.676468516904845,0.00515860368062699,0.220477421497117,0.00198753211158498
"150","p",0.0153,0.0098,0.2159,0.3157,0.0283,0.04,159.395536020201,10.6659106542056,159.395536020201,10.6659106542056,22.9446383979362,16.2507443241862,0.596681303590101,0.00938753533463405,NA,NA
"151","p",0.015,0.0073,0.0092,0.0065,0.0128,0.0021,156.707421433888,10.7777674143302,156.707421433888,10.7777674143302,36.9883360129586,27.2889460415415,0.602938888114325,0.00803545549135971,0.195244776509366,0.00350805905458486
"152","p",0.9196,0.9043,0.6757,0.5352,0.7553,0.814,7.64384811348386,0.520365420560748,7.64384811348386,0.520365420560748,16.1961997862449,15.0513907731307,0.0291107180202161,0.905545732274086,NA,NA
"153","p",0.1246,0.0633,0.0068,0.027,0.0507,0.03,96.5997336345084,7.33214498442368,96.5997336345084,7.33214498442368,36.7054474682323,22.9138998729976,0.410180993377483,0.0675282639385166,NA,NA
"154","p",0.0041,0.0035,0.1109,0.0646,0.0079,0.0049,188.986417788994,12.026655482866,188.986417788994,12.026655482866,26.6813405480179,22.5734518755358,0.672805230045312,0.00361563264627952,NA,NA
"155","p",0.0162,0.0072,7e-04,0.0077,0.0152,0.0031,157.033389173871,10.9614629906542,157.033389173871,10.9614629906542,51.2765890922203,28.5555378487564,0.613215339839665,0.00768936129520019,0.189415872184711,0.00575571350035341
"156","p",0.1075,0.0871,0.0055,0.0012,0.0024,0.0036,105.619975864762,7.01888841121495,105.619975864762,7.01888841121495,44.307718795377,36.0622915936261,0.392656531892646,0.0908135043686081,NA,NA
"157","p",0.6288,0.4678,0.0613,0.0351,0.0653,0.1147,32.4301295508507,3.00171046728972,32.4301295508507,3.00171046728972,30.931270178697,25.8334588907155,0.167924200069711,0.474213678119962,NA,NA
"158","p",0.9374,0.6266,0.2918,0.3874,0.5952,0.7016,5.784718538387,2.16270915887851,5.784718538387,2.16270915887851,23.2766586296228,16.9864626389673,0.120988086441269,0.620132051095746,NA,NA
"159","p",0.0693,0.0292,0.071,0.2934,0.1248,0.1126,124.351141505142,9.37011510903427,124.351141505142,9.37011510903427,33.4738195943795,18.2748023734943,0.524190824329034,0.0291835438885824,NA,NA
"160","p",0.0472,0.0207,0.0302,0.0685,0.0886,0.032,127.966231460174,9.1647023987539,127.966231460174,9.1647023987539,32.2152074766336,21.628705350341,0.512699454513768,0.0240192145575275,NA,NA
"161","p",0.7924,0.6859,0.2535,0.2401,0.3978,0.4791,16.8593530363336,1.64910504672897,16.8593530363336,1.64910504672897,21.5794076803098,17.4719745177984,0.0922556151969327,0.689776050682803,NA,NA
"162","p",0.1658,0.1239,0.0224,0.0115,0.0222,0.0216,89.438663499653,6.22355317757009,89.438663499653,6.22355317757009,33.1782905340323,26.4340776660101,0.348163222377135,0.122274969734283,NA,NA
"163","p",0.9204,0.8912,0.1311,0.1263,0.217,0.351,6.6069006004737,0.593469719626169,6.6069006004737,-0.593469719626169,27.7368013311163,21.5653918305795,-0.0332003799233182,0.887879529074635,NA,NA
"164","p",0.1742,0.1127,0.1506,0.4192,0.2993,0.2615,91.802522883431,6.67895588785047,91.802522883431,6.67895588785047,25.9420755311797,15.4730615935514,0.373639742070408,0.11349854612295,NA,NA
"165","p",0.1498,0.2424,0.1894,0.0847,0.1512,0.0792,98.8370622255438,5.02433700934579,98.8370622255438,5.02433700934579,26.2661238945325,24.3704304506168,0.281075667479958,0.247914976801164,NA,NA
"166","p",0.0914,0.0623,0.0552,0.0378,0.0699,0.0304,113.773998856167,7.81322825545172,113.773998856167,7.81322825545172,32.229611564397,25.5365372969392,0.437094156500523,0.0683670040290314,NA,NA
"167","p",0.5968,0.4693,0.0184,0.017,0.0319,0.0685,35.5580226243878,3.01359769470405,35.5580226243878,3.01359769470405,38.1530039592406,29.0223661601538,0.168589205298013,0.468291693236785,NA,NA
"168","p",0.4909,0.497,0.3284,0.4139,0.6262,0.5031,44.1909086883883,2.72237881619938,44.1909086883883,2.72237881619938,19.6675535218275,14.5238804228225,0.152297594980829,0.503795898658086,NA,NA
"169","p",0.0594,0.0664,0.289,0.2172,0.1095,0.0778,129.067660371478,7.86196158878505,129.067660371478,7.86196158878505,22.1624923752433,18.8056516395276,0.439820437434646,0.0647067769894362,NA,NA
"170","p",0.2544,0.1422,0.0707,0.198,0.3338,0.2012,76.7054420066395,6.19807062305296,76.7054420066395,6.19807062305296,31.4474293309321,19.6890153020481,0.346737655977693,0.145506139827867,NA,NA
"171","p",0.1441,0.0651,0.1094,0.2542,0.251,0.1658,98.0074997527278,7.66416470404984,98.0074997527278,7.66416470404984,28.0472405167121,17.7725845508326,0.428755118508191,0.0660314016883122,NA,NA
"172","p",0.0098,0.0123,0.4348,0.353,0.0194,0.0326,169.446216859865,10.3104002180685,169.446216859865,10.3104002180685,18.5587748574784,16.0020541990696,0.576793041129313,0.0132188550102816,NA,NA
"173","p",0.0056,0.003,0.0109,0.041,0.0109,0.0053,191.473887869465,12.9369547975078,191.473887869465,12.9369547975078,42.0522721076712,26.4072102583102,0.723729956430812,0.00248733393724661,0.116186462689308,0.00883121940364931
"174","p",0.6556,0.6651,0.8463,0.8491,0.8595,0.856,30.1522731953147,1.82869700934579,30.1522731953147,1.82869700934579,11.7990520357941,9.67647691005082,0.102302499128616,0.667630204599687,NA,NA
"175","p",0.0633,0.0548,0.6877,0.617,0.1168,0.1726,131.978332377243,8.42287118380062,131.978332377243,8.42287118380062,16.4132637178011,14.3535033753755,0.471199311606832,0.0580890296627127,NA,NA
"176","p",0.1241,0.0646,0.3106,0.491,0.2182,0.233,108.840496737001,8.24071280373832,108.840496737001,8.24071280373832,24.0836559282987,15.6088126373202,0.461008855001743,0.0630765961893494,NA,NA
"177","p",0.3473,0.3562,0.7627,0.6285,0.5465,0.5244,63.6179589291566,3.92850971962617,63.6179589291566,3.92850971962617,12.9514025761051,12.4435558268135,0.219771979783897,0.355870489480216,NA,NA
"178","p",0.0011,3e-04,0.0064,0.023,0.0022,0.0014,215.142215134735,14.8755187227414,215.142215134735,14.8755187227414,43.1993022599502,27.2959121273359,0.832178722551411,0.000266207492456638,0.0557755102769785,0.00973858864960043
"179","p",0.6771,0.898,0.3171,0.2884,0.466,0.4893,29.8961867889662,0.584804610591901,-29.8961867889662,-0.584804610591901,23.5016947463636,19.2239966194416,-0.0327156291390729,0.895192940616199,NA,NA
"180","p",0.0066,0.0044,0.0098,0.0091,0.0128,0.0021,178.882469402937,11.4664713707165,178.882469402937,11.4664713707165,40.8766631194921,31.035497488092,0.641466941443012,0.00473362090540208,0.136099469296925,0.00975810885101704
"181","p",0.57,0.4802,0.472,0.7324,0.7828,0.7457,37.9450774784181,2.96794700934579,37.9450774784181,2.96794700934579,17.9095988765091,11.1933673689251,0.166035376437783,0.477382964852377,NA,NA
"182","p",0.2351,0.275,0.3312,0.1979,0.3364,0.1965,82.8226911072932,4.76653856697819,82.8226911072932,4.76653856697819,22.3526056615965,20.3833131195715,0.266653691181596,0.274409637100607,NA,NA
"183","p",0.1999,0.1529,0.0011,0.0019,0.0037,0.009,87.7624718255369,6.1589731152648,87.7624718255369,6.1589731152648,61.0649706133687,44.6853137168416,0.344550430463576,0.152432663646633,NA,NA
"184","p",0.0319,0.0206,0.2619,0.4217,0.0604,0.0887,142.54651966306,9.70436258566978,142.54651966306,9.70436258566978,22.8985024354891,15.3767838697391,0.542889576507494,0.021113089933406,NA,NA
"185","p",0.1152,0.0934,0.1948,0.1171,0.2069,0.0819,102.138442677493,6.8005184423676,102.138442677493,6.8005184423676,22.4703748463293,19.2887390783673,0.380440296270478,0.0912310740302121,NA,NA
"186","p",0.9707,0.8109,0.4645,0.5757,0.791,0.8601,2.50352863269349,1.0060385046729,2.50352863269349,1.0060385046729,18.7294567916326,13.3817466882741,0.0562806483095154,0.814378943039339,NA,NA
"187","p",0.1051,0.1116,0.733,0.6823,0.1887,0.2603,101.583265081804,6.24550831775701,101.583265081804,6.24550831775701,11.83483834495,10.249617592388,0.349391455210875,0.108325927752784,NA,NA
"188","p",0.145,0.0728,0.0144,0.0087,0.0172,0.0164,103.958576820074,7.93115940809969,103.958576820074,7.93115940809969,39.9720741956879,30.5869551694105,0.443691559776926,0.0689951108277465,NA,NA
"189","p",0.1778,0.1061,0.041,0.0225,0.0419,0.0389,88.4225525047907,6.60926068535826,88.4225525047907,6.60926068535826,32.9004700345378,27.3111030195631,0.369740794701987,0.102165755180389,NA,NA
"190","p",0.0014,0.0021,0.1955,0.1215,0.0026,0.0032,235.38573571602,14.1089914953271,235.38573571602,14.1089914953271,27.8084002568429,24.3721334542275,0.789297014639247,0.00153514282137562,NA,NA
"191","p",0.4015,0.3719,0.0105,0.0595,0.1091,0.1233,57.2836169206484,3.83998171339564,57.2836169206484,3.83998171339564,40.2162220194968,24.4884201608034,0.214819471941443,0.368345655271352,NA,NA
"192","p",0.2459,0.1869,0.0361,0.087,0.1573,0.1085,78.808881399837,5.62969838006231,78.808881399837,5.62969838006231,35.4873203283987,23.3019645007681,0.314941300104566,0.188450599243483,NA,NA
"193","p",0.2373,0.1669,0.6447,0.7815,0.3956,0.4805,80.8731273798171,5.95860728971963,80.8731273798171,5.95860728971963,15.4919994887089,10.9803987650085,0.333341397699547,0.158931155902381,NA,NA
"194","p",0.2228,0.1988,0.4156,0.5498,0.3721,0.3642,76.664599883937,5.02974436137072,76.664599883937,5.02974436137072,16.8025314784144,11.9357921549812,0.281378170094109,0.200471985642006,NA,NA
"195","p",0.0177,0.0057,0.0044,0.0038,0.0074,0.0022,152.498258873368,10.9609881931464,152.498258873368,10.9609881931464,40.2929190385594,29.4596792938477,0.613188778319972,0.0059781577170679,0.132108553332646,0.00600773709207905
"196","p",0.3207,0.219,0.199,0.1718,0.2963,0.2198,67.7932252839829,5.2598168847352,67.7932252839829,5.2598168847352,24.5656591398787,19.9769217287093,0.294249079818752,0.215643811528387,NA,NA
"197","p",0.1253,0.0677,0.0178,0.01,0.0184,0.0167,100.170957865797,7.45811535825545,100.170957865797,7.45811535825545,37.2148328540235,30.398660759494,0.417228133495992,0.0680122030180353,NA,NA
"198","p",0.8148,0.5519,0.1002,0.056,0.1041,0.1912,15.9052257440541,2.46215049844237,15.9052257440541,2.46215049844237,27.0090513660667,22.9874119557864,0.13773968455908,0.546573175092784,NA,NA
"199","p",0.0014,0.0039,0.1877,0.0754,0.0028,0.0034,208.162004497861,11.986850529595,208.162004497861,11.986850529595,24.6356066254876,23.3088036651708,0.670578428023702,0.00408935071190475,NA,NA
"200","p",0.1551,0.0888,0.0478,0.3058,0.2697,0.1936,102.256933692201,7.6355599376947,102.256933692201,7.6355599376947,36.1145072471592,19.2017931730057,0.427154886720112,0.087992365655995,NA,NA
