"","X","pLW","pLU","pQU","pQH","pMin","pFisher","SW","SL","SWwin","SLwin","SC","SQ","CMCBeta","pBeta","muBk","muPk"
"1","p",0.8399,0.7834,0.9453,0.9589,0.9515,0.9598,7.03784333636134,1.50628894080997,7.03784333636134,1.50628894080997,2.07078263861373,0.612091319526242,0.0483035714285718,0.7824247755564,NA,NA
"2","p",0.4251,0.8867,0.4699,0.5039,0.5962,0.4974,27.4449020752734,0.795393146417442,-27.4449020752734,0.795393146417442,18.4449256305594,3.19095498434293,0.0255066133866135,0.885461733293979,NA,NA
"3","p",0.0743,0.1341,0.3041,0.5274,0.1244,0.1829,60.7402367442357,8.27205482866044,60.7402367442357,8.27205482866044,33.2959627230839,3.05649223773158,0.265267692307695,0.135911406354807,NA,NA
"4","p",0.0128,0.0406,0.1579,0.1758,0.0228,0.0326,87.3817063359105,11.4179663551402,87.3817063359105,11.4179663551402,60.0730827645224,6.22256130363873,0.366150569430573,0.0405665752282517,NA,NA
"5","p",0.952,0.7339,0.8511,0.9912,0.9952,0.9963,2.19092328687027,1.90112965732087,-2.19092328687027,-1.90112965732087,4.66035767551747,0.301668665956698,-0.0609652967032973,0.737232685314903,NA,NA
"6","p",0.664,0.4407,0.4839,0.9274,0.8363,0.8666,14.7057328360459,4.0737638317757,-14.7057328360459,-4.0737638317757,16.4999056009004,0.795465769077268,-0.130637181818183,0.448090525921571,NA,NA
"7","p",0.5248,0.2003,0.1754,0.6283,0.7106,0.6319,22.2564103942152,7.05827747663552,22.2564103942152,7.05827747663552,53.976899595476,2.65901378974432,0.226344362637365,0.202484349333305,NA,NA
"8","p",0.5823,0.3455,0.2535,0.2675,0.4081,0.413,18.8319878711447,5.1454453894081,18.8319878711447,5.1454453894081,39.847972599889,5.00793631815934,0.165003793206795,0.34725520841987,NA,NA
"9","p",0.1082,0.0131,0.0158,0.1559,0.1764,0.1063,56.9198692742046,13.9649976012461,56.9198692742046,13.9649976012461,176.160295995545,6.87575291729357,0.447828594405598,0.0135234958129268,NA,NA
"10","p",0.9017,0.2101,0.108,0.4584,0.6364,0.7127,4.02517347335562,6.62887791277259,4.02517347335562,6.62887791277259,67.3844722385771,3.26630099592446,0.212574406593408,0.208409583394984,NA,NA
"11","p",0.8046,0.7424,0.6556,0.6561,0.8276,0.8085,8.59546420620529,1.81021186915888,8.59546420620529,-1.81021186915888,10.2793742430623,2.49396345160616,-0.0580497512487517,0.751317164402704,NA,NA
"12","p",0.1439,0.0057,0.0025,0.0244,0.0426,0.0426,52.4577345443615,15.4389445482866,52.4577345443615,15.4389445482866,263.861106313945,11.8777904299084,0.495095024975029,0.0063066235345366,0.0819044768836937,0.00858268626222949
"13","p",0.6192,0.5305,0.6709,0.8035,0.799,0.7858,17.3805106286718,3.43896087227414,-17.3805106286718,-3.43896087227414,9.65160056745004,1.64618273625667,-0.110280363636365,0.540687321892911,NA,NA
"14","p",0.8439,0.6179,0.7135,0.9565,0.9531,0.9593,6.82786317359586,2.75686542056075,6.82786317359586,2.75686542056075,8.10548256077846,0.607046637491154,0.0884069730269738,0.618817664777696,NA,NA
"15","p",0.4875,0.3958,0.1702,0.0666,0.1123,0.1617,23.9990745791938,4.73744635514019,23.9990745791938,-4.73744635514019,57.4006559603541,8.88897816998056,-0.151920107892109,0.396835918479186,NA,NA
"16","p",0.1143,0.2091,0.4107,0.6213,0.1849,0.2529,54.3938716547899,6.93746130841122,54.3938716547899,6.93746130841122,22.6644993188453,2.45960261650214,0.22247003796204,0.201917438974768,NA,NA
"17","p",0.8072,0.6016,0.3868,0.0542,0.0923,0.195,8.49148588585971,2.9879531152648,-8.49148588585971,2.9879531152648,26.3486749379819,9.71419918675822,0.0958174775224783,0.595741509597449,NA,NA
"18","p",0.2324,0.2529,0.2525,0.1271,0.2045,0.1526,39.883427391694,6.12910124610592,39.883427391694,6.12910124610592,37.5605781596777,6.5481762752837,0.196547602397604,0.24982478304739,NA,NA
"19","p",0.5328,0.5534,0.2387,0.4085,0.5796,0.5039,22.1767470817048,3.27872236760125,-22.1767470817048,3.27872236760125,43.2094683589379,3.97043457311233,0.105141846153847,0.555761354270147,NA,NA
"20","p",0.3066,0.23,0.3415,0.611,0.4593,0.4591,36.5146071693979,6.8318914330218,36.5146071693979,6.8318914330218,31.0964823817124,2.85313424681265,0.219084630369632,0.232769742060212,NA,NA
"21","p",0.2038,0.1489,0.2087,0.668,0.3167,0.3793,45.2845765848008,8.24405813084112,45.2845765848008,8.24405813084112,49.9111707836744,2.46268217159031,0.264369896103898,0.147873807187207,NA,NA
"22","p",0.4179,0.1772,0.1964,0.6034,0.5897,0.5407,28.4420871282667,7.56279470404984,28.4420871282667,7.56279470404984,51.2835165459635,2.72058563734476,0.242523186813189,0.170002982612196,NA,NA
"23","p",0.7582,0.8855,0.8375,0.8402,0.9058,0.8774,10.2970034026851,0.75431816199377,10.2970034026851,-0.75431816199377,4.62172574731286,1.28197838579061,-0.0241894235764239,0.889310871257783,NA,NA
"24","p",0.1848,0.0958,0.1349,0.5976,0.2943,0.3396,45.7102968596244,9.17693813084112,45.7102968596244,9.17693813084112,64.6387974467249,2.72883961394751,0.294285428571431,0.0979793722362296,NA,NA
"25","p",0.891,0.4542,0.3367,0.7245,0.8813,0.8832,4.79759406384999,4.03361728971962,-4.79759406384999,-4.03361728971962,27.8415634926455,1.93479459193741,-0.129349765234766,0.455856555322491,NA,NA
"26","p",0.3012,0.8933,0.4296,0.1038,0.1703,0.1509,34.2302605797355,0.734105451713396,-34.2302605797355,-0.734105451713396,19.3291448574864,6.62772392749043,-0.023541243756244,0.888619796582097,NA,NA
"27","p",0.8973,0.8345,0.9427,0.8582,0.9602,0.9442,5.01733624692894,1.19942551401869,5.01733624692894,1.19942551401869,2.53878315415402,1.38105899800823,0.0384630959040962,0.833997597048624,NA,NA
"28","p",0.6997,0.2706,0.2178,0.7803,0.8614,0.8196,14.3218216779795,6.34438847352025,14.3218216779795,6.34438847352025,49.8146118294576,1.93825737872194,0.20345141858142,0.273412775922711,NA,NA
"29","p",0.567,0.3701,0.3429,0.6633,0.7494,0.679,20.7416859747387,5.15773866043614,20.7416859747387,5.15773866043614,30.8059854574463,2.59885843903525,0.165398012987014,0.369275932074939,NA,NA
"30","p",0.208,0.4179,0.6669,0.3207,0.3238,0.2515,44.9137491216024,4.50434283489097,-44.9137491216024,-4.50434283489097,9.75162769695105,4.82151881913407,-0.144444960039961,0.424254004100806,NA,NA
"31","p",0.1054,0.0072,0.01,0.0342,0.06,0.045,58.8193874057848,15.3347625233645,-58.8193874057848,-15.3347625233645,205.278710659403,11.8276784163013,-0.491754122877127,0.0071317954044616,-0.145625768975021,0.0146812057134789
"32","p",0.5236,0.9679,0.6468,0.1237,0.201,0.2409,21.9220086062698,0.229424548286605,21.9220086062698,0.229424548286605,10.278341840387,6.97973960363807,0.00735717082917091,0.966909024187286,NA,NA
"33","p",0.1355,0.0656,0.0853,0.1896,0.2196,0.1388,52.3755834135225,10.3333643925234,52.3755834135225,10.3333643925234,88.9093265912989,6.25073561156663,0.33136962737263,0.0655921437473782,NA,NA
"34","p",0.7482,0.9875,0.9675,0.8672,0.8942,0.8816,11.2330641494735,0.0831807476635513,11.2330641494735,0.0831807476635513,1.55040300680503,1.16515684138305,0.00266743456543456,0.988289958209852,NA,NA
"35","p",0.9984,0.8438,0.9229,0.9655,0.9959,0.9973,0.0636599890897136,1.13381635514019,0.0636599890897136,1.13381635514019,3.01469109417003,0.660361061318537,0.0363591458541461,0.843837708154924,NA,NA
"36","p",0.7863,0.6346,0.7802,0.9047,0.9253,0.9199,9.59699566729758,2.65146211838006,9.59699566729758,2.65146211838006,6.35777774449543,1.01768852349042,0.0850269070929079,0.637793099351915,NA,NA
"37","p",0.0201,0.1011,0.2575,0.0979,0.0354,0.0279,82.3001865264944,9.43752757009346,82.3001865264944,9.43752757009346,43.6317468606335,8.508255357958,0.302641993006996,0.100075015787338,NA,NA
"38","p",0.9432,0.4264,0.309,0.0423,0.073,0.1789,2.61016739935397,4.44892196261682,-2.61016739935397,-4.44892196261682,33.6964024023506,10.3418245420306,-0.142667727272728,0.431656692068895,NA,NA
"39","p",0.5714,0.6176,0.8549,0.9875,0.7577,0.8359,18.7922361654155,2.70569330218069,18.7922361654155,2.70569330218069,3.97663953272545,0.291392086810517,0.0867659890109897,0.608103707361356,NA,NA
"40","p",0.4438,0.7476,0.4332,0.4048,0.5752,0.4449,26.3738439596373,1.79069152647975,26.3738439596373,-1.79069152647975,20.9196733785498,3.927432607938,-0.0574237742257747,0.748010398973685,NA,NA
"41","p",0.3834,0.8263,0.8514,0.4095,0.5505,0.4141,32.3181198940444,1.25845551401869,32.3181198940444,1.25845551401869,4.83796817268392,4.3578545483982,0.0403560659340663,0.829690578115932,NA,NA
"42","p",0.7653,0.8932,0.9771,0.8864,0.9144,0.9064,9.97323012518644,0.756856230529595,9.97323012518644,0.756856230529595,1.11544887018665,0.986629813421691,0.0242708141858143,0.885960533554993,NA,NA
"43","p",0.8801,0.9545,0.9628,0.8385,0.9498,0.9332,5.12886151723733,0.297760872274143,-5.12886151723733,-0.297760872274143,1.72632272463011,1.34953895014184,-0.0095485754245755,0.956188553626073,NA,NA
"44","p",0.7642,0.5824,0.6864,0.9204,0.9072,0.9145,10.001135496978,2.94546295950156,10.001135496978,2.94546295950156,8.1027533504404,0.808591059928177,0.0944549060939069,0.582123820348627,NA,NA
"45","p",0.6111,0.7648,0.9326,0.8389,0.7919,0.7978,17.424636965349,1.58080090342679,-17.424636965349,-1.58080090342679,2.40971178450101,1.3498909215358,-0.0506930159840165,0.769297811449757,NA,NA
"46","p",0.6483,0.9466,0.9465,0.8801,0.815,0.8332,16.2018770060087,0.422999283489095,16.2018770060087,0.422999283489095,2.14320640833816,1.14965316749308,0.0135647122877124,0.94067904442746,NA,NA
"47","p",0.5466,0.0786,0.0299,0.1515,0.2409,0.2849,20.6409504082017,9.4100953894081,20.6409504082017,9.4100953894081,120.134657548487,6.22810603905723,0.301762299700302,0.077006711435464,NA,NA
"48","p",0.7883,0.7766,0.9667,0.9983,0.9216,0.9512,8.74419369438307,1.52248676012461,8.74419369438307,1.52248676012461,1.54902061087319,0.114264332280936,0.0488230019980024,0.779060138378674,NA,NA
"49","p",0.3133,0.9847,0.5945,0.1335,0.2142,0.1878,36.5226948254794,0.113765358255451,36.5226948254794,-0.113765358255451,13.2467095842561,7.51814761552694,-0.00364821978021982,0.984351746615397,NA,NA
"50","p",0.4893,0.348,0.0992,0.1053,0.1715,0.2111,23.2059777625735,5.09570183800623,23.2059777625735,-5.09570183800623,76.6106428491079,7.33887250761321,-0.163408620379622,0.349003057030635,NA,NA
"51","p",0.7184,0.8127,0.9908,0.9915,0.8775,0.9207,12.5287845439584,1.28043454828661,-12.5287845439584,-1.28043454828661,0.731452219895114,0.285742300793058,-0.0410608881118884,0.815752387776059,NA,NA
"52","p",0.6459,0.9579,0.9692,0.8837,0.8217,0.8416,15.5697995159084,0.271585358255451,15.5697995159084,0.271585358255451,1.5362300992206,1.10840872424617,0.00870918081918091,0.959790516587197,NA,NA
"53","p",0.5517,0.1495,0.1224,0.427,0.6032,0.5258,21.1251639197672,8.14715676012461,21.1251639197672,8.14715676012461,73.7813748033439,4.02435173352885,0.261262469530472,0.151547500633534,NA,NA
"54","p",0.1609,0.0558,0.0776,0.332,0.2581,0.2178,46.4536112411868,9.98286878504673,46.4536112411868,9.98286878504673,78.8932517158142,4.08822924176125,0.320129958041961,0.0571902148502712,NA,NA
"55","p",0.3536,0.898,0.6477,0.4987,0.5149,0.4394,32.4486179189654,0.747694735202492,32.4486179189654,0.747694735202492,10.1598942923924,3.23896053199273,0.0239770239760242,0.892600391166102,NA,NA
"56","p",0.1523,0.056,0.0996,0.1334,0.2202,0.1199,48.7710173620323,10.2543441744548,48.7710173620323,10.2543441744548,77.3705348215116,6.77277074606945,0.328835612387615,0.0636291330404221,NA,NA
"57","p",0.1879,0.0144,0.0128,0.1133,0.1836,0.1228,46.3718373210559,13.5153776012461,46.3718373210559,13.5153776012461,176.847017135897,7.58770119711273,0.433410210789214,0.0144759946559771,NA,NA
"58","p",0.0659,0.0935,0.223,0.2981,0.1103,0.117,66.2448087587437,9.46791398753894,66.2448087587437,9.46791398753894,46.8633316633056,5.10407052914618,0.303616422577425,0.0949927105587377,NA,NA
"59","p",0.5209,0.9119,0.8467,0.4445,0.6185,0.5178,22.7997816244572,0.629229626168225,22.7997816244572,0.629229626168225,4.90983667998911,3.82072732192628,0.0201780929070931,0.911617418372128,NA,NA
"60","p",0.9528,0.8051,0.8033,0.5509,0.7425,0.8131,1.91617658886657,1.30135355140187,1.91617658886657,-1.30135355140187,5.25155197832379,2.80163235008621,-0.0417317172827176,0.80472376126993,NA,NA
"61","p",0.8513,0.7642,0.9078,0.987,0.9597,0.971,6.71301986836274,1.71324529595015,6.71301986836274,1.71324529595015,3.31945689416042,0.328666778544386,0.0549402337662343,0.76236406845881,NA,NA
"62","p",0.101,0.074,0.1349,0.353,0.1686,0.1721,57.2605525007886,9.84532819314642,57.2605525007886,9.84532819314642,65.0590733760829,4.32457096248134,0.315719315684318,0.0744247509251747,NA,NA
"63","p",0.481,0.9882,0.822,0.8251,0.6595,0.6981,24.0853146775106,0.0683139252336443,-24.0853146775106,0.0683139252336443,4.96604621055082,1.38742481029541,0.00219068631368632,0.990000139862682,NA,NA
"64","p",0.5199,0.0126,0.0038,0.0248,0.0437,0.0936,21.7045197414346,13.2705630841121,21.7045197414346,13.2705630841121,230.149366853329,9.61800617817227,0.425559515484519,0.0115005695530196,0.162911901640166,0.0126736829046398
"65","p",0.2747,0.3061,0.4386,0.6619,0.4094,0.4487,37.2049056467554,5.58487769470405,37.2049056467554,5.58487769470405,20.3225450770387,2.18452972820017,0.17909547852148,0.305464056392211,NA,NA
"66","p",0.2415,0.367,0.5682,0.5793,0.371,0.3908,43.1942658043518,5.27732398753894,43.1942658043518,5.27732398753894,14.9120610742137,3.09885866073899,0.169232867132869,0.36407083337418,NA,NA
"67","p",0.76,0.3178,0.199,0.4112,0.5888,0.615,10.583833288872,5.54658218068536,10.583833288872,5.54658218068536,51.3213629719421,4.06330579639725,0.177867420579422,0.322762493461347,NA,NA
"68","p",0.8935,0.4234,0.2309,0.5419,0.7254,0.7764,4.90047625352292,4.5965584423676,-4.90047625352292,4.5965584423676,46.0174542228706,3.23400102721804,0.147402123876125,0.415304030587403,NA,NA
"69","p",0.2199,0.0198,0.0148,0.0997,0.1635,0.1297,41.7219481255725,12.587510623053,41.7219481255725,12.587510623053,157.242986242097,7.33796674270568,0.403655435564439,0.0186250512855019,NA,NA
"70","p",0.1833,0.0349,0.036,0.345,0.2885,0.24,46.4348542506817,11.6621589096573,46.4348542506817,11.6621589096573,124.332395538785,4.5788734843712,0.373981319680323,0.0363286123600394,NA,NA
"71","p",0.479,0.1077,0.0812,0.4937,0.6593,0.5272,24.1159734566485,8.76923386292835,24.1159734566485,8.76923386292835,86.4690668650433,3.18899011921124,0.281211195804198,0.105717063916019,NA,NA
"72","p",0.4348,0.9891,0.7518,0.3223,0.4754,0.3817,26.7898694372875,0.0658408722741444,26.7898694372875,0.0658408722741444,6.84443450422886,4.42527106906616,0.00211138061938059,0.990427568777683,NA,NA
"73","p",0.5425,0.8236,0.9734,0.9423,0.7249,0.7951,21.0671789708045,1.23680981308411,21.0671789708045,1.23680981308411,1.40904045664237,0.733999283132929,0.0396619330669335,0.825751188142975,NA,NA
"74","p",0.4199,0.2333,0.2554,0.7082,0.6001,0.6033,29.9455348576412,7.09473638629283,29.9455348576412,7.09473638629283,44.4711093578074,2.45746873162005,0.227513524475526,0.22103526870953,NA,NA
"75","p",0.2498,0.3093,0.5048,0.6763,0.3819,0.4327,41.0742206731891,5.78034009345794,-41.0742206731891,-5.78034009345794,18.2143536731646,2.47767891929311,-0.185363553446555,0.322500393825055,NA,NA
"76","p",0.6444,0.4083,0.3831,0.8009,0.8213,0.8006,16.8405430510142,4.69732080996885,-16.8405430510142,-4.69732080996885,26.8573163007095,1.83684350869365,-0.150633364635366,0.417668743904979,NA,NA
"77","p",0.5858,0.504,0.507,0.6865,0.7666,0.7046,19.2942971624511,3.77716133956386,-19.2942971624511,-3.77716133956386,16.9252608524799,2.33120711543044,-0.121125753246754,0.504498045125257,NA,NA
"78","p",0.0353,0.2523,0.624,0.2202,0.0612,0.067,75.7165222845111,6.49751302180685,75.7165222845111,6.49751302180685,12.0310013703948,5.96365666335743,0.208361806193808,0.252879537629357,NA,NA
"79","p",0.6082,0.8179,0.6469,0.5893,0.7779,0.6677,18.2812248335551,1.34164510903427,18.2812248335551,-1.34164510903427,10.6692669675448,2.97485977120845,-0.0430237842157845,0.811521750139727,NA,NA
"80","p",0.0468,0.4951,0.6396,0.0367,0.0628,0.0285,68.3304790913381,3.7778438317757,68.3304790913381,3.7778438317757,10.5263452607901,10.5565099417495,0.12114763936064,0.492861901049177,NA,NA
"81","p",0.9457,0.2371,0.1266,0.1977,0.3129,0.4652,2.32913111217904,6.45262663551402,-2.32913111217904,-6.45262663551402,66.0849281176916,5.8738155530963,-0.206922392607394,0.242983416523501,NA,NA
"82","p",0.5468,0.493,0.6505,0.9162,0.7325,0.7893,21.4794611115354,3.87079912772586,21.4794611115354,3.87079912772586,10.5016304087373,1.04872646513401,0.124128523476525,0.496535316622665,NA,NA
"83","p",0.9338,0.4103,0.2424,0.5113,0.6968,0.7708,2.54257769875973,4.40933364485981,2.54257769875973,-4.40933364485981,38.6128039620868,2.86154482985277,-0.141398211788213,0.408433223618286,NA,NA
"84","p",0.5867,0.9783,0.7906,0.5656,0.7569,0.6346,19.7892625046328,0.151135140186916,19.7892625046328,-0.151135140186916,6.43265044814901,3.16096326365563,-0.00484659140859145,0.97877649596545,NA,NA
"85","p",0.9323,0.5542,0.3956,0.4581,0.6393,0.7257,3.19595884296162,3.52566803738318,3.19595884296162,3.52566803738318,27.4079041194393,4.11471906732542,0.113060883116884,0.549410299035357,NA,NA
"86","p",0.2891,0.1986,0.2547,0.5974,0.4331,0.4384,37.6935005653534,7.25471794392523,37.6935005653534,7.25471794392523,42.4327028245334,2.91580833418426,0.232643802197804,0.2048929053996,NA,NA
"87","p",0.7007,0.6026,0.7561,0.8567,0.8669,0.8591,13.6857069210169,2.95307666666667,13.6857069210169,2.95307666666667,7.02712152374444,1.32477150399739,0.0946990619380627,0.600246728185785,NA,NA
"88","p",0.4276,0.2985,0.368,0.7618,0.5995,0.6285,27.5911114685856,5.63100112149533,27.5911114685856,5.63100112149533,25.5809964389459,1.79067310652843,0.180574561438563,0.3046037691484,NA,NA
"89","p",0.0657,0.0656,0.1533,0.3729,0.11,0.1337,64.9242152684214,10.2334726168224,64.9242152684214,10.2334726168224,60.3161275613691,4.1823501633053,0.328166304695307,0.0647441426085862,NA,NA
"90","p",0.0781,0.0326,0.0647,0.2806,0.1324,0.1276,61.8876697789105,11.8133301557632,61.8876697789105,11.8133301557632,97.6772016102997,5.0674974804682,0.378829068931072,0.0331104130782521,NA,NA
"91","p",0.6657,0.4927,0.2961,0.5156,0.6953,0.6429,15.6979369551797,4.12384996884735,15.6979369551797,-4.12384996884735,40.2455092434846,3.61088784491366,-0.132243340659342,0.488976110826236,NA,NA
"92","p",0.083,0.0505,0.0959,0.2211,0.1386,0.1114,58.0051999656766,10.4980439563863,58.0051999656766,10.4980439563863,75.8557929827766,5.35153952213714,0.336650560439563,0.0499085946035539,NA,NA
"93","p",0.1192,0.0439,0.058,0.2918,0.1921,0.1647,58.4566799781837,11.8928384423676,58.4566799781837,11.8928384423676,116.397272223105,5.44811204748506,0.381378735264739,0.0417939656990015,NA,NA
"94","p",0.4983,0.2871,0.3252,0.8682,0.6848,0.7371,21.7977336512633,5.47181096573209,21.7977336512633,5.47181096573209,26.1368830601665,1.06451474988405,0.175469662337664,0.284890672897174,NA,NA
"95","p",0.8109,0.6451,0.6589,0.8241,0.9387,0.8979,8.70459983815518,2.69567211838006,8.70459983815518,2.69567211838006,10.7665127525487,1.66328426904588,0.0864446303696311,0.639569870361362,NA,NA
"96","p",0.1677,0.5052,0.8423,0.594,0.2684,0.3148,50.7181482903679,3.8799954517134,50.7181482903679,3.8799954517134,5.09186459783873,3.05040690019709,0.124423430569432,0.500261315274086,NA,NA
"97","p",0.2726,0.4731,0.5804,0.1514,0.2399,0.1844,39.8393735435129,4.15651040498442,-39.8393735435129,-4.15651040498442,14.1925229554531,7.24016446906101,-0.133290693306695,0.472705163881237,NA,NA
"98","p",0.2915,0.686,0.2755,0.3122,0.4371,0.3006,38.490918916955,2.34271327102804,38.490918916955,-2.34271327102804,40.9098452660243,5.18287772341422,-0.0751259700299706,0.687454738791526,NA,NA
"99","p",0.5966,0.87,0.6228,0.4465,0.6263,0.5603,18.8978622977999,0.919422803738318,18.8978622977999,-0.919422803738318,11.842786330738,3.77793357090792,-0.0294839880119883,0.871647843565573,NA,NA
"100","p",0.6525,0.7058,0.8374,0.6898,0.8315,0.7493,16.5766310924917,2.16459074766355,16.5766310924917,2.16459074766355,5.38734780642839,2.61131726750395,0.0694139490509497,0.7113817301529,NA,NA
"101","p",0.6187,0.9014,0.808,0.9152,0.8001,0.8369,17.0841128090619,0.657046510903428,-17.0841128090619,0.657046510903428,5.13211237204467,0.877227622589111,0.021070122877123,0.901801350692402,NA,NA
"102","p",0.5807,0.4282,0.506,0.7923,0.7641,0.7554,19.0937783730142,4.45941314641745,19.0937783730142,4.45941314641745,16.8453576172971,1.56809607156322,0.143004157842159,0.422759638584739,NA,NA
"103","p",0.8966,0.0503,0.0089,0.0161,0.0282,0.0968,4.65746144168212,11.1066921806854,4.65746144168212,-11.1066921806854,200.517603276195,12.3882550481285,-0.356168650349653,0.0493223702185809,-0.388002683328792,0.0114722856281494
"104","p",0.1745,0.8302,0.468,0.1945,0.2758,0.1631,50.1967877997667,1.22419925233645,50.1967877997667,1.22419925233645,20.609724424534,6.78288008390854,0.0392575384615387,0.834252255822252,NA,NA
"105","p",0.5025,0.7701,0.9395,0.7748,0.6879,0.6943,23.5474319269399,1.5969961682243,23.5474319269399,1.5969961682243,2.41025462676018,1.78032158106159,0.0512123646353651,0.774629308205597,NA,NA
"106","p",0.8482,0.2425,0.0893,0.2538,0.3858,0.5025,6.45176663100478,6.20237218068536,-6.45176663100478,6.20237218068536,78.0918010867953,4.96150408358079,0.198897249750251,0.243267524335399,NA,NA
"107","p",0.2858,0.3772,0.5803,0.4915,0.4307,0.3923,37.1110095274593,4.8763915576324,37.1110095274593,4.8763915576324,12.5198018676934,3.28476914616064,0.156375793206795,0.377319585188053,NA,NA
"108","p",0.802,0.3467,0.2555,0.7227,0.8767,0.8427,8.39325274624974,5.05281230529595,8.39325274624974,5.05281230529595,37.5877551369306,1.93337512236744,0.162033241758243,0.348674759010844,NA,NA
"109","p",0.9207,0.3755,0.3064,0.5002,0.6824,0.7573,3.40024651755641,4.8322822741433,3.40024651755641,4.8322822741433,31.4326390006386,3.16070597862159,0.154961299700301,0.37133275425607,NA,NA
"110","p",0.214,0.9481,0.5982,0.4733,0.3384,0.3206,45.2424171256686,0.343486199376948,45.2424171256686,0.343486199376948,12.5504793249829,3.84315972628431,0.0110148921078922,0.952437738406195,NA,NA
"111","p",0.4041,0.2114,0.2446,0.5053,0.5741,0.4808,29.3118482400112,6.96862174454829,29.3118482400112,6.96862174454829,42.8978659172563,3.29389874013949,0.223469288711291,0.216375738337248,NA,NA
"112","p",0.1026,0.0904,0.1599,0.5323,0.1696,0.2195,61.3919953871705,10.1748672897196,61.3919953871705,10.1748672897196,68.2473006926128,3.74865430991381,0.326286953046956,0.0908940325753378,NA,NA
"113","p",0.4653,0.2397,0.2799,0.7892,0.6424,0.6671,25.3703817683997,6.43738133956386,25.3703817683997,6.43738133956386,35.5355322826849,1.66803809677309,0.206433507492509,0.242809603439028,NA,NA
"114","p",0.0789,0.0627,0.1394,0.0611,0.1049,0.0513,60.289525324874,10.2649763239875,60.289525324874,10.2649763239875,65.4834671043947,8.55674452038645,0.329176563436566,0.0622002172168993,NA,NA
"115","p",0.0336,0.0137,0.0262,0.1375,0.0582,0.0502,76.9964012722988,14.2469685981308,-76.9964012722988,-14.2469685981308,151.266914639379,7.14347164481919,-0.456870821178825,0.0128145116366737,NA,NA
"116","p",0.8783,0.7877,0.7496,0.8184,0.9427,0.9247,5.38867263756315,1.47929638629283,-5.38867263756315,1.47929638629283,7.33730399408534,1.58731631546929,0.0474379760239765,0.792312804436699,NA,NA
"117","p",0.5602,0.7549,0.9585,0.8678,0.7436,0.7757,20.920847510207,1.75190476635514,20.920847510207,1.75190476635514,1.98674058028858,1.36841917784515,0.0561799630369635,0.759652573428702,NA,NA
"118","p",0.1227,0.0365,0.0498,0.3199,0.1976,0.1816,54.803842160631,11.8225036760125,54.803842160631,11.8225036760125,117.447400341804,4.88203703073767,0.379123244755248,0.0391589154870387,NA,NA
"119","p",0.818,0.632,0.5247,0.6331,0.8094,0.7992,8.33051904078716,2.80202632398754,8.33051904078716,-2.80202632398754,17.6332303908972,2.93332680370122,-0.0898551898101907,0.63446575079408,NA,NA
"120","p",0.9692,0.7674,0.8631,0.9842,0.9968,0.9965,1.24736274377309,1.55943713395639,-1.24736274377309,-1.55943713395639,3.9590353277975,0.331467504959722,-0.0500079240759245,0.772268294496392,NA,NA
"121","p",0.1591,0.28,0.4025,0.1956,0.2513,0.1579,51.2740253694293,6.22828239875389,51.2740253694293,6.22828239875389,25.5805533825704,6.20757361019605,0.199728136863139,0.278172552258901,NA,NA
"122","p",0.0603,0.3705,0.6758,0.1776,0.1035,0.0813,67.2727074754976,5.06710897196262,67.2727074754976,5.06710897196262,9.69305788355437,6.45392902557555,0.162491706293708,0.370204194972117,NA,NA
"123","p",0.068,0.0393,0.0686,0.2817,0.1136,0.1177,66.009431708724,11.8909690965732,66.009431708724,11.8909690965732,100.213907804329,5.23797381910569,0.381318789210793,0.0346873827076504,NA,NA
"124","p",0.0403,0.0031,0.0074,0.0161,0.0283,0.0141,71.5488561847777,16.4980325856698,71.5488561847777,16.4980325856698,215.373205168484,11.9485995990474,0.529057788211793,0.00309390078891572,0.11217378651406,0.00858268626222949
"125","p",0.4372,0.1543,0.1344,0.6244,0.6115,0.5702,27.579831074989,8.1633277258567,-27.579831074989,-8.1633277258567,68.8811605669237,2.57583122027737,-0.261781038961041,0.139768597708507,NA,NA
"126","p",0.0454,0.0343,0.0807,0.2612,0.0766,0.0892,71.8606357296548,12.1548351713396,71.8606357296548,12.1548351713396,93.7423717324362,5.39077402408911,0.389780428571432,0.0322482593965357,NA,NA
"127","p",0.9891,0.8345,0.8185,0.8626,0.9641,0.9751,0.561178520321672,1.15724554517134,-0.561178520321672,-1.15724554517134,5.31878795642524,1.25094896834504,-0.0371104715284719,0.839091472984849,NA,NA
"128","p",0.9759,0.8745,0.5971,0.2057,0.32,0.4757,1.09333350181372,0.923468816199376,-1.09333350181372,0.923468816199376,12.4777459766549,6.16839608715031,0.0296137352647356,0.871132801146112,NA,NA
"129","p",0.4448,0.6838,0.869,0.6463,0.6227,0.5844,27.2842796352569,2.34556208722741,27.2842796352569,2.34556208722741,4.15924444995406,2.50541242575814,0.0752173256743263,0.683573249903758,NA,NA
"130","p",0.2999,0.788,0.3473,0.201,0.3143,0.2318,35.2200995741855,1.48251018691589,-35.2200995741855,1.48251018691589,26.8420809929022,5.46111183889032,0.0475410359640364,0.782326014566708,NA,NA
"131","p",0.7074,0.6992,0.8709,0.929,0.87,0.8935,12.9454830139686,2.05478996884735,-12.9454830139686,-2.05478996884735,3.82974961216065,0.852511079205274,-0.0658928651348657,0.70360863765057,NA,NA
"132","p",0.6236,0.6563,0.4394,0.1129,0.1796,0.2541,17.5598714678145,2.61244894080997,-17.5598714678145,2.61244894080997,23.2493521770062,8.02180006455347,0.0837758351648359,0.654263537293033,NA,NA
"133","p",0.8781,0.548,0.4271,0.5218,0.7036,0.7542,5.69560796887205,3.47236314641745,5.69560796887205,3.47236314641745,23.3701396289086,3.5153331625473,0.111351505494506,0.551017446709741,NA,NA
"134","p",0.7307,0.2307,0.1562,0.5953,0.7742,0.7332,12.4143259215237,6.7975523364486,12.4143259215237,6.7975523364486,63.5921720552071,2.81667284577285,0.217983446553448,0.230429030591969,NA,NA
"135","p",0.436,0.9051,0.664,0.4911,0.6134,0.4975,27.2101542693661,0.728702679127727,27.2101542693661,-0.728702679127727,9.88486022238506,3.50664904858263,-0.0233679880119882,0.896752288014754,NA,NA
"136","p",0.1562,0.1658,0.3076,0.483,0.2547,0.268,50.5198649979859,7.82551996884735,50.5198649979859,7.82551996884735,34.1535453562214,3.6744905202545,0.250948242757245,0.16655774141051,NA,NA
"137","p",0.8361,0.1561,0.0688,0.2943,0.4356,0.5325,7.36565940836441,7.91694828660436,-7.36565940836441,-7.91694828660436,100.962298104872,5.09381205237077,-0.253880159840162,0.163061039461574,NA,NA
"138","p",0.2448,0.1906,0.2582,0.6696,0.3761,0.4242,40.7121853649312,7.34524043613707,40.7121853649312,7.34524043613707,39.0493076261932,2.39312553226852,0.235546671328673,0.182177201793005,NA,NA
"139","p",0.6432,0.605,0.2889,0.3462,0.5072,0.5051,17.0880880334651,3.05864479750779,17.0880880334651,-3.05864479750779,39.4201030686796,4.84892014922647,-0.0980844135864145,0.601629238044706,NA,NA
"140","p",0.8123,0.7974,0.6992,0.3543,0.5156,0.5887,7.935885635696,1.36576576323988,7.935885635696,-1.36576576323988,7.82873247418513,3.97481780239923,-0.0437972837162841,0.798796485051397,NA,NA
"141","p",0.6382,0.5938,0.7162,0.9258,0.8217,0.8586,15.814941630715,2.81748109034268,15.814941630715,2.81748109034268,7.42002514885326,0.894501306472483,0.090350792207793,0.595813910402677,NA,NA
"142","p",0.5895,0.3977,0.4804,0.7705,0.7652,0.7476,18.8911483551508,4.69783517133956,18.8911483551508,4.69783517133956,18.1602073575191,1.65310652680681,0.15064985914086,0.404859151183967,NA,NA
"143","p",0.2256,0.2195,0.3621,0.495,0.3455,0.3371,44.3195879461349,7.13877595015576,44.3195879461349,7.13877595015576,29.8040743587572,3.6839043083716,0.228925782217784,0.219123475307651,NA,NA
"144","p",0.4553,0.1202,0.0904,0.5103,0.6403,0.5196,26.5721618357065,8.98125059190031,26.5721618357065,8.98125059190031,89.9487318829464,3.49236473726527,0.288010133866136,0.11599756640358,NA,NA
"145","p",0.3396,0.3336,0.4682,0.8797,0.4961,0.5996,34.2848215333479,5.51988436137072,34.2848215333479,5.51988436137072,19.6706850137465,1.25698424297328,0.177011276723278,0.332703848892656,NA,NA
"146","p",0.3809,0.5808,0.628,0.3279,0.485,0.3616,31.716162009959,3.2321361682243,31.716162009959,3.2321361682243,11.6830237327826,4.98189124772903,0.103647923076924,0.57336210558617,NA,NA
"147","p",0.1347,0.4655,0.8571,0.6195,0.2143,0.2822,51.188704704928,3.97371585669782,51.188704704928,3.97371585669782,4.23518635068805,2.4783715596034,0.127428850149851,0.466171634609634,NA,NA
"148","p",0.1494,0.1847,0.3315,0.1951,0.2401,0.1516,50.2408788819758,7.40836613707165,50.2408788819758,7.40836613707165,30.849783504908,5.96934433982042,0.237570982017984,0.180657441998992,NA,NA
"149","p",0.1641,0.2529,0.4249,0.3461,0.2594,0.2231,49.8730644857578,6.57169819314642,49.8730644857578,6.57169819314642,23.0823588842277,4.68377260755659,0.210740771228773,0.25220558017002,NA,NA
"150","p",0.2998,0.9363,0.7342,0.3447,0.4461,0.3243,35.8362222316072,0.438240373831777,-35.8362222316072,-0.438240373831777,7.26855251633957,4.23468229729924,-0.0140534625374627,0.935933719522916,NA,NA
"151","p",0.7411,0.8965,0.8533,0.6966,0.8643,0.8043,11.3829709792248,0.707595763239874,-11.3829709792248,0.707595763239874,4.26565941635116,2.14792284715728,0.0226911328671331,0.895750637889282,NA,NA
"152","p",0.6264,0.8809,0.8765,0.7007,0.8009,0.7332,18.013554204451,0.86164738317757,-18.013554204451,-0.86164738317757,4.3789344733635,2.33525532292548,-0.02763124975025,0.881742837105297,NA,NA
"153","p",0.1718,0.3896,0.6848,0.6577,0.2772,0.34,45.2806068834383,4.59266286604361,45.2806068834383,4.59266286604361,8.20991202276573,2.27846733667816,0.147277200799202,0.386921642594421,NA,NA
"154","p",0.2467,0.674,0.9411,0.6836,0.379,0.4344,40.4963245970365,2.35446115264797,40.4963245970365,2.35446115264797,2.3031952584402,2.2554419355746,0.075502700299701,0.668275285341731,NA,NA
"155","p",0.3311,0.6716,0.9389,0.746,0.4877,0.542,33.2327241342709,2.33784971962617,33.2327241342709,2.33784971962617,2.28228990781285,1.83819696262974,0.0749700059940066,0.668596068766715,NA,NA
"156","p",0.7916,0.2361,0.15,0.4291,0.6028,0.644,9.03181129882623,6.4872876635514,-9.03181129882623,-6.4872876635514,60.1472190479136,3.62082727297471,-0.208033900099902,0.237186981420454,NA,NA
"157","p",0.6105,0.4615,0.5391,0.971,0.7923,0.8555,17.9905753299963,4.14523598130841,-17.9905753299963,-4.14523598130841,14.9131789463753,0.616697765567771,-0.132929145854147,0.45430122687666,NA,NA
"158","p",0.3993,0.1648,0.1619,0.7014,0.5758,0.5823,30.1852310067714,8.01914476635514,30.1852310067714,8.01914476635514,63.4812567768699,2.44668785084242,0.257157389610392,0.163516401390902,NA,NA
"159","p",0.7608,0.7149,0.8704,0.9059,0.9033,0.9065,10.487367603948,2.02529006230529,-10.487367603948,-2.02529006230529,3.92873754726348,0.930174451777126,-0.0649468641358649,0.722126469403268,NA,NA
"160","p",0.2996,0.3104,0.4746,0.8206,0.4515,0.5395,34.7070170913003,5.43199862928349,34.7070170913003,5.43199862928349,17.8661088550763,1.44375692316828,0.174192963036965,0.312725440650338,NA,NA
"161","p",0.6117,0.8945,0.675,0.3479,0.5059,0.4941,16.8944301257157,0.712631401869158,16.8944301257157,0.712631401869158,8.86018530371021,4.2607826365896,0.0228526153846156,0.896107417612718,NA,NA
"162","p",0.8008,0.7125,0.5724,0.8213,0.9355,0.8926,8.6375207105316,1.9299546728972,8.6375207105316,-1.9299546728972,11.7862369945675,1.45116191007514,-0.0618896553446559,0.717223869842015,NA,NA
"163","p",0.811,0.1822,0.1036,0.4942,0.6763,0.7038,8.23517788310555,7.34627158878505,-8.23517788310555,-7.34627158878505,75.468296926762,3.14946974479155,-0.23557973826174,0.185791381098356,NA,NA
"164","p",0.0949,0.043,0.0735,0.1546,0.1587,0.0967,59.1265661030427,11.341516635514,59.1265661030427,11.341516635514,94.4910364484589,6.62498568092794,0.363698985014988,0.0416109322150731,NA,NA
"165","p",0.9044,0.8547,0.893,0.8959,0.9767,0.9592,4.29635435007015,1.05351028037383,4.29635435007015,1.05351028037383,3.61520260487828,1.07681752656725,0.0337838961038964,0.854608897319066,NA,NA
"166","p",0.7507,0.2495,0.1528,0.4558,0.6378,0.6474,11.1267145744037,6.47936099688473,11.1267145744037,6.47936099688473,63.7912975413157,3.81825845571117,0.20777970829171,0.253236852487393,NA,NA
"167","p",0.8163,0.7485,0.6101,0.3922,0.5561,0.6189,8.02022332979002,1.74092417445483,8.02022332979002,1.74092417445483,11.5272347250954,3.80293327049623,0.0558278381618386,0.751161586451499,NA,NA
"168","p",0.3662,0.4739,0.7037,0.8189,0.5338,0.6034,31.0944269103171,3.90366781931464,31.0944269103171,3.90366781931464,7.98217288155671,1.51496761521782,0.125182554445556,0.467942804815119,NA,NA
"169","p",0.506,0.4048,0.43,0.715,0.6957,0.6712,23.6329628450007,4.6072876635514,23.6329628450007,4.6072876635514,22.1737064633398,2.26219048104606,0.147746187812189,0.413440817194708,NA,NA
"170","p",0.8634,0.323,0.2246,0.6676,0.8381,0.843,6.01309676096001,5.52950535825545,6.01309676096001,5.52950535825545,46.1962369868524,2.31149104777703,0.177319802197804,0.325958049237242,NA,NA
"171","p",0.1941,0.4088,0.705,0.5076,0.3045,0.3129,44.5247729300488,4.51493554517134,-44.5247729300488,-4.51493554517134,8.0886740223813,3.17534846271047,-0.144784646353648,0.413283063192931,NA,NA
"172","p",0.4216,0.1294,0.1115,0.5692,0.597,0.5292,28.347618527051,8.28520012461059,-28.347618527051,-8.28520012461059,72.5456471474496,2.92227484279718,-0.265689234765237,0.13285619161,NA,NA
"173","p",0.9076,0.7085,0.7224,0.888,0.9781,0.964,3.91928000167389,2.12134725856698,3.91928000167389,2.12134725856698,8.24375700565508,1.22697096945958,0.0680272197802203,0.709227092585578,NA,NA
"174","p",0.3626,0.9229,0.4567,0.0068,0.0123,0.0347,32.6734360794879,0.556620280373833,32.6734360794879,0.556620280373833,20.4454572033689,15.5584270565096,0.0178496613386615,0.921183409987709,NA,NA
"175","p",0.3097,0.6076,0.8967,0.6673,0.4664,0.4893,37.5409395117863,3.02565218068536,37.5409395117863,3.02565218068536,3.92068196332494,2.72239207199174,0.0970264085914094,0.607218266546329,NA,NA
"176","p",0.5116,0.4828,0.5805,0.8128,0.679,0.707,23.5396459984833,4.14945588785046,-23.5396459984833,-4.14945588785046,14.5825364241914,1.476521856976,-0.133064469530471,0.479605327796831,NA,NA
"177","p",0.2582,0.1539,0.1768,0.3626,0.3889,0.3022,39.3053936502025,7.87948841121495,-39.3053936502025,-7.87948841121495,56.4344171250984,4.28800215290062,-0.252678899100901,0.160538438968194,NA,NA
"178","p",0.1326,0.007,0.0047,0.0962,0.1562,0.0936,51.5390131676647,14.7001550155763,51.5390131676647,14.7001550155763,212.44768808718,7.59321756640516,0.471403572427577,0.00661897751858818,NA,NA
"179","p",0.2153,0.2468,0.3748,0.5506,0.3359,0.3535,45.23641548459,6.69711165109034,-45.23641548459,-6.69711165109034,28.91241793683,3.3689651576732,-0.214762521478523,0.252887127291053,NA,NA
"180","p",0.8412,0.5131,0.3518,0.4073,0.5754,0.6415,6.50385105994545,3.52113778816199,-6.50385105994545,3.52113778816199,26.5093801528579,3.52837037359171,0.112915607392608,0.513858695961156,NA,NA
"181","p",0.9929,0.7074,0.7788,0.9283,0.9891,0.9922,0.32377550543179,2.06570028037383,-0.32377550543179,2.06570028037383,6.40032400279323,0.936584137619756,0.0662427362637368,0.708177721575528,NA,NA
"182","p",0.4691,0.3775,0.3348,0.2991,0.4467,0.3861,25.972266559638,5.01921367601246,25.972266559638,5.01921367601246,32.1016032336175,5.13078898721749,0.160955803196805,0.383715873903012,NA,NA
"183","p",0.4372,0.395,0.4721,0.4078,0.578,0.4401,26.8841699843493,4.77089320872274,-26.8841699843493,-4.77089320872274,18.9414218641106,3.86240836963913,-0.152992679320681,0.401825440497419,NA,NA
"184","p",0.3484,0.6558,0.9245,0.7797,0.5037,0.5658,33.1298117139432,2.47865423676012,33.1298117139432,2.47865423676012,2.68848794758699,1.64576704222373,0.0794853156843164,0.656941406649047,NA,NA
"185","p",0.7047,0.607,0.7948,0.9644,0.8635,0.902,12.7141994127974,2.72191339563863,-12.7141994127974,-2.72191339563863,5.56188109644884,0.570079736969396,-0.0872861338661346,0.609511139685099,NA,NA
"186","p",0.9707,0.6775,0.7075,0.7335,0.8884,0.9213,1.31284615074568,2.35569485981308,-1.31284615074568,-2.35569485981308,8.4080539342434,1.94636117542671,-0.0755422627372633,0.677215778463849,NA,NA
"187","p",0.5588,0.4342,0.5288,0.6369,0.7392,0.6614,19.03388153273,4.01070953271028,19.03388153273,4.01070953271028,13.2127906555151,2.15784317473894,0.128615160839162,0.435674023819693,NA,NA
"188","p",0.2444,0.1158,0.1503,0.6421,0.3748,0.4145,42.5040414219635,9.09131890965732,42.5040414219635,9.09131890965732,67.65047982131,2.70996564279126,0.2915397972028,0.114758269828904,NA,NA
"189","p",0.4667,0.2815,0.1912,0.1451,0.2266,0.2486,24.6588887605933,5.714553894081,24.6588887605933,5.714553894081,46.5663701449775,6.43834341936176,0.183253926073928,0.285220583200709,NA,NA
"190","p",0.989,0.9808,0.9908,0.9407,0.9912,0.993,0.515438409040392,0.138224859813084,0.515438409040392,0.138224859813084,0.823828477261158,0.790841745498876,0.00443258541458545,0.981399674948649,NA,NA
"191","p",0.756,0.8602,0.978,0.9423,0.9059,0.9211,11.166139738081,1.04361473520249,11.166139738081,1.04361473520249,1.26235004465029,0.765251479802424,0.0334665664335667,0.853236901119493,NA,NA
"192","p",0.3321,0.7962,0.931,0.7831,0.487,0.5502,34.6622432659527,1.49773193146417,-34.6622432659527,-1.49773193146417,2.72832537277989,1.79368987385373,-0.0480291658341664,0.791345438598161,NA,NA
"193","p",0.8965,0.6655,0.4945,0.4106,0.5884,0.6748,4.54626494067714,2.41781130841122,-4.54626494067714,-2.41781130841122,17.9117997425154,4.0658689223781,-0.0775342087912095,0.665628993720631,NA,NA
"194","p",0.4383,0.3452,0.4043,0.7903,0.6138,0.65,25.8544644994703,4.88037249221184,-25.8544644994703,-4.88037249221184,20.5680177652757,1.51428711752154,-0.156503453546455,0.34725580626027,NA,NA
"195","p",0.2237,0.1872,0.296,0.6964,0.3429,0.4084,40.6492138697545,7.04260246105919,40.6492138697545,7.04260246105919,31.0764793024329,1.99432449461141,0.225841697302699,0.183116307184029,NA,NA
"196","p",0.3297,0.711,0.3466,0.3781,0.49,0.3634,34.1444871461341,2.04880679127726,34.1444871461341,-2.04880679127726,29.1023994166446,4.25287810154686,-0.0657009970029976,0.715291682735937,NA,NA
"197","p",0.5175,0.1718,0.1501,0.4102,0.5841,0.4991,22.2926937409055,7.40830591900312,-22.2926937409055,-7.40830591900312,58.8155369130432,3.69547194619055,-0.237569050949053,0.170407675240424,NA,NA
"198","p",0.6571,0.3735,0.3379,0.7353,0.8293,0.7742,15.2895854157547,4.79716171339564,-15.2895854157547,-4.79716171339564,27.7571839197818,1.83287403687232,-0.153835055944057,0.373645920932605,NA,NA
"199","p",0.5698,0.1764,0.1267,0.436,0.6139,0.539,19.9565620705047,7.57048744548287,-19.9565620705047,-7.57048744548287,68.7213090773396,3.71662973577849,-0.242769877122879,0.171915532079867,NA,NA
"200","p",0.9054,0.8018,0.8173,0.8684,0.9677,0.954,4.58927368536775,1.46475853582554,4.58927368536775,-1.46475853582554,6.25296105580392,1.54175712986362,-0.0469717772227777,0.804722815771821,NA,NA
