"","X","pLW","pLU","pQU","pQH","pMin","pFisher","SW","SL","SWwin","SLwin","SC","SQ","CMCBeta","pBeta","muBk","muPk"
"1","p",0.8175,0.4625,0.1617,0.2042,0.333,0.4354,12.7378623943655,3.63001987538941,12.7378623943655,3.63001987538941,32.1409858022578,11.6300852731691,0.0419176761904764,0.849218080685189,NA,NA
"2","p",0.0032,0.0067,0.1223,0.0374,0.0062,0.0049,169.635239817323,13.8656597819315,169.635239817323,13.8656597819315,36.9506800542055,18.2812262510725,0.563262566666668,0.0112023536026196,0.308307377208268,0.00214299747010027
"3","p",0.0256,0.0148,0.1266,0.2984,0.0467,0.0611,121.435205795853,12.1413217445483,121.435205795853,12.1413217445483,36.3450112688943,10.561790130617,0.592384757142859,0.00800627949543968,NA,NA
"4","p",0.0239,0.0344,0.3264,0.2683,0.0436,0.0543,126.861182461675,10.6574907476635,126.861182461675,10.6574907476635,25.2836677468549,11.1756888938606,0.446757600000001,0.0474858524658818,NA,NA
"5","p",0.5606,0.4432,0.2458,0.1556,0.2604,0.2901,33.0124624332828,3.92771651090343,33.0124624332828,3.92771651090343,29.5238980277005,13.3358545904515,0.161956942857143,0.479362499331834,NA,NA
"6","p",5e-04,7e-04,0.059,0.0497,9e-04,0.0014,176.662208921187,15.8247871962617,176.662208921187,15.8247871962617,42.8253017206675,15.6183439355844,0.655492480952383,0.00236343595684371,0.261981042174947,0.00262842652034842
"7","p",0.0455,0.1022,0.4929,0.2427,0.0822,0.0772,112.253833165664,8.27104205607477,112.253833165664,8.27104205607477,19.8629567518594,11.2694054352617,0.286814238095239,0.20010800329441,NA,NA
"8","p",0.4256,0.5266,0.072,0.2172,0.353,0.3008,43.4140764780661,3.12794239875389,43.4140764780661,3.12794239875389,41.6090377496644,11.3718233858055,0.0879405095238097,0.691229688853307,NA,NA
"9","p",0.1435,0.0735,0.3451,0.5181,0.2404,0.265,81.9324588054511,9.11977442367601,81.9324588054511,9.11977442367601,25.4038003165012,8.24032877409324,0.413772085714287,0.0708792590098636,NA,NA
"10","p",0.0725,0.0815,0.4049,0.381,0.1273,0.1395,94.4177951931848,8.16962034267912,94.4177951931848,8.16962034267912,19.9699052999372,8.522730599334,0.299683090476191,0.159322035439335,NA,NA
"11","p",0.1376,0.1732,0.7064,0.7651,0.233,0.3278,84.7196087747204,7.09080448598131,84.7196087747204,7.09080448598131,14.6841486002417,5.86374102616066,0.263793157142858,0.252811215734641,NA,NA
"12","p",0.0195,0.0165,0.0638,0.0726,0.0358,0.0221,132.420868087038,12.3716764174455,132.420868087038,12.3716764174455,48.1858082061374,16.741820276001,0.494403523809525,0.0308396241517873,NA,NA
"13","p",0.0066,0.0063,0.0751,0.0331,0.0121,0.0066,147.198309935498,13.5446934267913,147.198309935498,13.5446934267913,43.7557109089861,18.0816145499345,0.497676742857144,0.0279551605180136,0.429567602897257,0.00261955881114759
"14","p",0.003,0.0075,0.091,0.0405,0.0058,0.0047,164.179392850419,13.2324229906542,164.179392850419,13.2324229906542,41.4232162204231,18.4907229087338,0.521961247619049,0.019287803950519,0.268349755375478,0.00330521996808752
"15","p",3e-04,2e-04,0.0223,0.009,5e-04,5e-04,204.781919767805,18.7766392523364,204.781919767805,18.7766392523364,59.3280264437232,22.2083987072056,0.792630023809526,0.000400766086809733,0.0879908201957051,0.00189882806705236
"16","p",0.0143,0.0466,0.1426,0.0329,0.0266,0.0103,128.406650846267,9.50732485981308,128.406650846267,9.50732485981308,34.0570629279905,17.8272609785674,0.453577523809525,0.0386077496210133,0.344828354975817,0.00530430970160867
"17","p",0.6007,0.6596,0.8846,0.9423,0.8044,0.8566,29.0708244651263,2.20723919003115,29.0708244651263,2.20723919003115,9.54763478931017,3.46020772187063,0.1237191,0.586816658535051,NA,NA
"18","p",0.0259,0.0112,0.0376,0.0616,0.0467,0.0221,117.616217439062,12.2330536760125,117.616217439062,12.2330536760125,48.1147289238076,15.0409998534957,0.516915509523811,0.0159759217495255,NA,NA
"19","p",0.0895,0.1124,0.4458,0.5815,0.1561,0.2058,93.7637185253877,7.93719498442367,93.7637185253877,7.93719498442367,21.0847916348809,7.51139534288875,0.33964782857143,0.130497846838851,NA,NA
"20","p",0.3074,0.3855,0.6684,0.8091,0.4765,0.5537,58.8521597429582,4.55760722741433,58.8521597429582,4.55760722741433,16.3373928557933,5.47120120863651,0.209050223809524,0.366603325304286,NA,NA
"21","p",0.0014,8e-04,0.0189,0.0167,0.0027,0.0016,175.040522298839,17.1983244859813,175.040522298839,17.1983244859813,63.9155193744099,21.2263324970546,0.738682595238098,0.00124367714622223,0.11861957038712,0.00214299747010027
"22","p",0.0065,0.0166,0.239,0.1462,0.0124,0.0158,149.641158169464,11.680729376947,149.641158169464,11.680729376947,28.4985815260866,13.0478389281655,0.46624112857143,0.0360005969816421,NA,NA
"23","p",9e-04,0.0029,0.2046,0.0992,0.0017,0.0036,177.022779914769,14.4758649221184,177.022779914769,14.4758649221184,29.2986924747335,14.0084526692793,0.596690957142859,0.00615107559905409,NA,NA
"24","p",0.3888,0.4083,0.2988,0.2946,0.4599,0.3462,47.0801266216316,4.09256448598131,47.0801266216316,4.09256448598131,26.4491396342735,10.6154504645849,0.191795914285715,0.392986485779973,NA,NA
"25","p",0.0053,0.0045,0.1068,0.0949,0.0097,0.0102,150.723689091036,13.9651014953271,150.723689091036,13.9651014953271,36.802795371145,14.0540908541204,0.574170642857144,0.00831110579914047,NA,NA
"26","p",0.3544,0.4905,0.6066,0.646,0.533,0.522,48.9450435396952,3.28279641744548,48.9450435396952,3.28279641744548,14.7165815285548,5.97651573621929,0.162618433333334,0.442579089238313,NA,NA
"27","p",0.045,0.0658,0.1452,0.2497,0.0805,0.0769,112.199424118926,9.39876476635514,112.199424118926,9.39876476635514,37.281080625242,11.9436676280415,0.474648500000001,0.0395408910273352,NA,NA
"28","p",0.6823,0.4693,0.6357,0.6328,0.825,0.7444,23.5466707732922,3.79726099688474,23.5466707732922,3.79726099688474,16.9238076256258,7.35702126198784,0.131991280952381,0.573225805076838,NA,NA
"29","p",0.0152,0.0111,0.0356,0.0099,0.0183,0.0055,139.281174082641,13.1664245482866,139.281174082641,13.1664245482866,55.7902124270189,22.4192704285825,0.494522776190477,0.0326869264848794,0.406120280306087,0.00300731007680207
"30","p",0.3689,0.2126,0.2668,0.1713,0.2836,0.2363,50.1048790721102,6.41815613707165,50.1048790721102,6.41815613707165,28.7369858082153,13.1439784713329,0.171020866666667,0.452948931789649,NA,NA
"31","p",0.0193,0.0175,0.0532,0.0871,0.0351,0.0247,134.616180101131,12.3661520560748,134.616180101131,12.3661520560748,51.4162724567818,16.5239920264273,0.509934714285716,0.0271477524512234,NA,NA
"32","p",0.776,0.6118,0.741,0.5684,0.772,0.7609,15.7448032480897,2.51434641744548,15.7448032480897,2.51434641744548,13.0995973558891,7.47457231956182,0.151042052380953,0.499097150265855,NA,NA
"33","p",0.0406,0.0709,0.6351,0.506,0.0725,0.1142,114.312542076441,9.18730345794393,114.312542076441,9.18730345794393,16.2022591154733,8.30820162509534,0.366951233333334,0.105978325772063,NA,NA
"34","p",0.0127,0.043,0.1494,0.0237,0.0236,0.0082,139.244867882821,10.2786642056075,139.244867882821,10.2786642056075,36.2628900497764,20.4607569041221,0.478848257142859,0.0359546201625473,0.374647149332102,0.00701396909616971
"35","p",0.0878,0.0469,0.2758,0.3448,0.1533,0.1487,97.7593862264555,10.3137707476636,97.7593862264555,10.3137707476636,28.763385969582,10.6099653668607,0.353524423809525,0.127957906172862,NA,NA
"36","p",0.0097,0.0258,0.2518,0.2881,0.0175,0.0323,143.656761720473,11.1956002492212,143.656761720473,11.1956002492212,29.0031660196436,11.0167271535366,0.519253842857144,0.0220289201178652,NA,NA
"37","p",0.0117,0.0048,0.0526,0.0903,0.0217,0.0177,141.332650258218,14.3800938317757,141.332650258218,14.3800938317757,50.4539226409216,15.9517954473238,0.559426904761906,0.0156274302689092,NA,NA
"38","p",0.1622,0.2648,0.3704,0.0625,0.1119,0.0721,77.9036716550528,5.68660728971963,-77.9036716550528,-5.68660728971963,24.1184688900267,16.6440784267958,-0.229497328571429,0.315461694178342,NA,NA
"39","p",0.0541,0.0263,0.0799,0.0922,0.0958,0.0457,98.7123838930996,10.539232741433,98.7123838930996,10.539232741433,38.4001954766706,13.3081137654731,0.423057923809525,0.0466709027402002,NA,NA
"40","p",0.3366,0.1985,0.2466,0.2611,0.4124,0.2985,53.3773878905128,6.52274099688473,53.3773878905128,6.52274099688473,28.7972831721205,11.2279154094141,0.228201604761905,0.310784175449881,NA,NA
"41","p",0.3857,0.5652,0.7939,0.7977,0.5739,0.6219,50.1301600865025,3.07904476635514,50.1301600865025,3.07904476635514,13.0166466252326,5.73126937929546,0.120903952380953,0.609124745377091,NA,NA
"42","p",0.187,0.0342,0.0187,0.0082,0.0155,0.0225,68.8216083714277,9.9556583800623,68.8216083714277,9.9556583800623,54.7211055923796,20.2990683779911,0.478518966666668,0.0243151697254255,0.289505706497391,0.00217431016071627
"43","p",0.502,0.5625,0.175,0.3781,0.5679,0.4745,36.0152454538841,2.87231342679128,36.0152454538841,2.87231342679128,31.0400157467861,9.03140557823996,0.137627857142858,0.529756755983395,NA,NA
"44","p",0.0036,0.0014,0.0031,0.007,0.0067,0.0021,155.604993824444,15.5085762305296,155.604993824444,15.5085762305296,75.7637391317384,20.8875051007676,0.655648704761907,0.00227493365388659,0.117525948205184,0.00189882806705236
"45","p",0.0033,0.0027,0.0895,0.0697,0.0061,0.0064,155.012763206869,14.216402834891,155.012763206869,14.216402834891,38.0704898388906,14.6991922769272,0.597056609523811,0.00583990038309812,NA,NA
"46","p",0.3624,0.2769,0.5577,0.4042,0.5439,0.4003,51.6744037554874,5.60566638629283,51.6744037554874,5.60566638629283,18.6294604331664,9.62552689634303,0.154431957142858,0.501355562780377,NA,NA
"47","p",0.1639,0.1557,0.1632,0.1376,0.2312,0.1237,72.3940848367497,6.7141323987539,72.3940848367497,6.7141323987539,31.2924684992896,12.6045027546093,0.38107821904762,0.076459235296548,NA,NA
"48","p",0.5271,0.7542,0.6827,0.6642,0.7353,0.6753,33.9590827411067,1.5575584423676,33.9590827411067,1.5575584423676,14.1129778632189,6.4168632202307,0.0737429761904764,0.736740797272619,NA,NA
"49","p",0.2131,0.1433,0.3675,0.2254,0.3456,0.2024,72.0762879934285,7.67945819314642,72.0762879934285,7.67945819314642,25.9115979033361,12.793080339894,0.335200876190477,0.152156379346689,NA,NA
"50","p",0.7303,0.4752,0.3084,0.1944,0.3178,0.3919,18.5131543192832,3.46321507788162,18.5131543192832,3.46321507788162,24.6280264479304,11.7924694435045,0.0537146571428572,0.807177794725642,NA,NA
"51","p",0.6832,0.424,0.462,0.3098,0.479,0.5075,22.6543658985793,4.02286358255452,22.6543658985793,4.02286358255452,19.8127986916096,10.1534525109686,0.170553580952381,0.442398154529266,NA,NA
"52","p",0.0224,0.0205,0.1785,0.1072,0.0407,0.0298,122.237570460817,11.3837118068536,122.237570460817,11.3837118068536,30.5080373077021,13.4148082127508,0.427388633333335,0.0489817394929631,NA,NA
"53","p",0.0356,0.0332,0.3445,0.4088,0.0644,0.0933,118.89481598811,10.9382384423676,118.89481598811,10.9382384423676,25.4809125113441,9.60431480889649,0.501417900000001,0.0286571759889841,NA,NA
"54","p",0.5708,0.673,0.4962,0.5054,0.709,0.6047,29.8672459806022,1.99914691588785,29.8672459806022,1.99914691588785,17.461232978736,7.36079759398595,0.0401363761904764,0.850378902895751,NA,NA
"55","p",0.847,0.7071,0.9517,0.9319,0.9648,0.9626,10.0554063704833,1.87381996884735,10.0554063704833,1.87381996884735,6.62159661653687,3.47021625841599,0.0672872476190478,0.763715925816567,NA,NA
"56","p",0.3035,0.324,0.5092,0.4619,0.4683,0.3899,57.5327735589268,5.03234931464174,57.5327735589268,5.03234931464174,19.176262268647,8.65958134385783,0.238348538095239,0.287051680619163,NA,NA
"57","p",0.0101,0.018,0.5127,0.4768,0.0184,0.0453,138.595908768258,11.603154423676,138.595908768258,11.603154423676,18.8496433747336,8.27578935587796,0.497301890476192,0.026145715805704,NA,NA
"58","p",0.0467,0.0474,0.1956,0.3103,0.0846,0.0942,111.118272567345,10.1148957632399,111.118272567345,10.1148957632399,33.195054030253,10.8801453552228,0.436093500000001,0.0569412912152165,NA,NA
"59","p",0.293,0.129,0.2857,0.3274,0.4562,0.3109,59.1208256175426,7.75873289719626,59.1208256175426,7.75873289719626,28.0786764457439,10.6364913177923,0.35499551904762,0.120629126447113,NA,NA
"60","p",0.4082,0.3714,0.4532,0.5689,0.6055,0.5336,43.0948125273373,4.18199252336449,43.0948125273373,4.18199252336449,18.8822407728798,6.93802353987227,0.20164770952381,0.342936586403382,NA,NA
"61","p",0.0028,0.0036,0.0219,0.0029,0.0055,8e-04,169.779514198176,14.898710623053,169.779514198176,14.898710623053,59.6112464870443,26.3591615714747,0.512607609523811,0.0246457664878799,0.391671389395753,0.00341647942514137
"62","p",0.9228,0.8676,0.2124,0.0633,0.1141,0.2233,5.24046799357183,0.848965669781931,-5.24046799357183,0.848965669781931,30.1722419017573,15.5577859745795,0.081394742857143,0.715857290394887,NA,NA
"63","p",0.0301,0.0271,0.1738,0.0715,0.0542,0.0265,116.433674527334,10.6975545794393,116.433674527334,10.6975545794393,31.7582021875218,15.2066203071616,0.501571995238097,0.0222621071361546,NA,NA
"64","p",0.0923,0.1008,0.1852,0.3288,0.1618,0.1472,85.5574967966674,7.58583859813084,85.5574967966674,7.58583859813084,29.1733816695909,9.0768589888284,0.263266766666667,0.216626882581131,NA,NA
"65","p",0.3107,0.2929,0.0646,0.0185,0.0338,0.0506,54.9669861241135,5.17953619937695,54.9669861241135,5.17953619937695,43.1176140309447,19.9319652789854,0.144213204761905,0.512901087960618,NA,NA
"66","p",0.0119,0.0078,0.0082,0.0069,0.0129,0.0032,143.99682908762,13.7935957632399,143.99682908762,13.7935957632399,78.8485999816206,25.7029266431655,0.65350934761905,0.00517665561266269,0.176393420912521,0.0026508715017636
"67","p",2e-04,5e-04,0.0626,0.0136,4e-04,5e-04,207.380810259997,17.1812714330218,207.380810259997,17.1812714330218,45.2410166168181,20.0396295532614,0.868873185714288,0.000106964340957009,0.0656390399718724,0.00289048764689553
"68","p",0.0041,0.0049,0.1804,0.1716,0.0076,0.0139,160.962878938672,14.1943904049844,160.962878938672,14.1943904049844,33.5546551797912,13.0875712155776,0.575554480952383,0.0112520892634655,NA,NA
"69","p",0.0018,0.0035,0.1153,0.0729,0.0034,0.005,168.11582098428,13.9312918380062,168.11582098428,13.9312918380062,34.8323632553018,14.6187562071712,0.597234276190478,0.00566740148607721,NA,NA
"70","p",0.897,0.8473,0.6198,0.7519,0.9146,0.9173,7.45944637619636,0.966449283489096,7.45944637619636,0.966449283489096,16.5356090272739,5.73501459276586,0.0395216904761906,0.861163234879648,NA,NA
"71","p",0.0106,0.0137,0.2734,0.222,0.02,0.0308,135.713827475698,11.8891533956386,135.713827475698,11.8891533956386,26.0645018691786,11.1445730466739,0.499330700000001,0.0224001947170255,NA,NA
"72","p",0.0203,0.0114,0.0452,0.0493,0.0368,0.0164,124.382009955649,12.4081265732087,124.382009955649,12.4081265732087,48.8563724030073,17.3172182242432,0.569046509523811,0.00991906676649941,0.326518886417534,0.00348612965435395
"73","p",0.0747,0.0757,0.1411,0.0614,0.1078,0.0454,97.8413096471743,8.96370644859813,97.8413096471743,8.96370644859813,36.3583293427341,16.4458296038836,0.354969233333334,0.117328182626731,NA,NA
"74","p",0.4643,0.3486,0.1248,0.0901,0.157,0.1824,41.6054508929005,4.84549133956386,41.6054508929005,4.84549133956386,39.7043836699494,15.7861635523768,0.186266814285715,0.427015596089555,NA,NA
"75","p",0.0141,0.002,0.0054,0.003,0.0059,0.0024,143.098991065985,16.2792982242991,143.098991065985,16.2792982242991,81.6883426243179,28.8086072205854,0.603312261904764,0.0102941969558054,0.364026176947957,0.00164485981308411
"76","p",0.0766,0.0995,0.373,0.3816,0.1336,0.1422,102.98076022057,8.6330946105919,102.98076022057,8.6330946105919,25.3416384199604,10.3127286363482,0.367015376190477,0.116693143308451,NA,NA
"77","p",0.0033,0.0027,0.039,0.022,0.0063,0.0033,166.009403492425,15.1750145482866,166.009403492425,15.1750145482866,52.3606414053531,19.6782404879372,0.631914342857145,0.00546705017778105,0.162913433388945,0.00265973921096442
"78","p",0.1611,0.1753,0.7913,0.7909,0.2699,0.3702,77.6807634089972,6.88459741433022,77.6807634089972,6.88459741433022,12.4197999965258,5.4982457735484,0.320139404761906,0.163201023746481,NA,NA
"79","p",0.1869,0.1952,0.3157,0.4167,0.309,0.2728,74.0037416218608,6.55278292834891,74.0037416218608,6.55278292834891,25.9955162195532,9.29824954012746,0.302478857142858,0.182918462731996,NA,NA
"80","p",0.063,0.0821,0.297,0.0873,0.1103,0.0501,100.214869263152,8.44361280373832,100.214869263152,8.44361280373832,25.7945767951666,15.2683187329767,0.34134091904762,0.124752832701343,NA,NA
"81","p",4e-04,0,0.0037,3e-04,6e-04,0,195.626003524848,18.2512039252336,195.626003524848,18.2512039252336,77.1428436701957,28.4921824612786,0.79081274761905,0.00035472680166461,0.167590598945778,0.00294130870397352
"82","p",0.2158,0.0983,0.3522,0.5755,0.3502,0.3683,69.3311091363133,8.41386342679128,69.3311091363133,8.41386342679128,25.5004657562948,7.91542141903542,0.341559666666668,0.13718641343689,NA,NA
"83","p",0.0865,0.0694,0.1265,0.1414,0.1508,0.0847,89.6920162493618,8.63369074766355,89.6920162493618,8.63369074766355,33.7151448537035,12.2857891672072,0.342858561904763,0.111272546226951,NA,NA
"84","p",0.4938,0.5139,0.3924,0.4588,0.6644,0.5284,38.7815425426643,3.3252023364486,38.7815425426643,3.3252023364486,23.7477603477715,9.10300116001432,0.128367233333334,0.576079319023291,NA,NA
"85","p",0.2634,0.1312,0.0635,0.0081,0.0153,0.0275,64.5912983301756,7.93222271028038,64.5912983301756,7.93222271028038,50.6367496911417,24.1921098336508,0.220958914285715,0.353136241180738,NA,NA
"86","p",0.2758,0.3492,0.3964,0.2429,0.3878,0.2456,62.1350501006162,4.77715093457944,62.1350501006162,4.77715093457944,23.8817552034447,12.1169784380004,0.101998247619048,0.659607981955106,NA,NA
"87","p",0.2378,0.3079,0.8672,0.7816,0.3804,0.4665,64.8965998951677,5.15136666666667,64.8965998951677,5.15136666666667,9.95828124588889,5.505593167988,0.131796485714286,0.562838717833448,NA,NA
"88","p",0.0345,0.0257,0.1572,0.0366,0.0637,0.0199,114.090428577174,10.8863913084112,114.090428577174,10.8863913084112,33.3151609236248,17.3757944033532,0.389805823809525,0.0782461612508066,NA,NA
"89","p",0.0944,0.0628,0.2002,0.2752,0.1625,0.1365,93.4345871113477,9.46762971962617,93.4345871113477,9.46762971962617,31.3756370199526,10.9045046998651,0.287998528571429,0.199083916543002,NA,NA
"90","p",0.1182,0.2017,0.8275,0.7304,0.2022,0.292,86.1392453282034,6.43728295950156,86.1392453282034,6.43728295950156,11.1417773805831,6.03111927626873,0.290577866666667,0.195775318194099,NA,NA
"91","p",0.9952,0.9597,0.3428,0.3948,0.5857,0.7148,0.404378738595229,0.256769408099689,0.404378738595229,-0.256769408099689,28.0610951517613,10.6961137566418,-0.0411209142857144,0.864514451840337,NA,NA
"92","p",4e-04,5e-04,0.0314,0.0129,8e-04,3e-04,185.287868857218,17.0229051713396,185.287868857218,17.0229051713396,49.2893305686464,19.2082177303021,0.73731714761905,0.000608155899730464,0.0186486558762394,0.00289048764689553
"93","p",0.2541,0.2721,0.2872,0.2679,0.4084,0.2506,67.0916630252243,5.84818040498442,67.0916630252243,5.84818040498442,30.1828237203934,12.2677214205886,0.375526642857144,0.112269609293752,NA,NA
"94","p",0.0251,0.0825,0.5796,0.2793,0.0456,0.0555,114.292242092943,8.06350834890966,114.292242092943,8.06350834890966,14.8468304176095,9.20964930626326,0.37414101904762,0.0699886730130253,NA,NA
"95","p",0,0,1e-04,0,0,0,278.72805131965,26.4261002492212,278.72805131965,26.4261002492212,126.733002474126,41.1553194710483,1.18060046190476,2.21545331869395e-07,-0.106992445107025,0.00164485981308411
"96","p",0.2402,0.1481,0.5666,0.6642,0.3821,0.4201,67.111349305223,7.46900358255452,67.111349305223,7.46900358255452,18.9875175604439,7.1092337930215,0.302857042857144,0.192596700315347,NA,NA
"97","p",0.0158,0.0108,0.0487,0.0188,0.029,0.008,139.39085551698,13.2558523052959,139.39085551698,13.2558523052959,54.2987115724752,22.6558470661537,0.463004171428573,0.0472367712072139,0.453207019708021,0.00241392630584821
"98","p",0.0838,0.0992,0.4641,0.4241,0.1428,0.1637,100.175478429042,8.71653785046729,100.175478429042,8.71653785046729,22.1767703959017,9.76568457637073,0.273249876190477,0.245252270228228,NA,NA
"99","p",0.0023,0.0039,0.033,0.0088,0.0045,6e-04,170.890506927642,14.843746728972,170.890506927642,14.843746728972,55.5521083988592,22.9442899876015,0.656378676190478,0.00408022688475318,0.147377181203455,0.00214299747010027
"100","p",0.524,0.3399,0.283,0.1777,0.2996,0.3092,36.7501135356389,5.08384420560748,36.7501135356389,5.08384420560748,29.5575127795727,13.7294973479768,0.171708323809524,0.46763654047239,NA,NA
"101","p",0.0455,0.0753,0.2645,0.3292,0.0818,0.0936,105.952834259998,8.56260370716511,105.952834259998,8.56260370716511,25.3137582135831,9.32983177060299,0.428062666666668,0.0460593098505595,NA,NA
"102","p",0.0935,0.1146,0.5345,0.5482,0.1607,0.2102,92.6714525906245,7.91000978193146,92.6714525906245,7.91000978193146,18.5602290691766,7.58449392169423,0.296731680952382,0.186580485692583,NA,NA
"103","p",0.0621,0.0434,0.405,0.5064,0.1089,0.1469,104.376597934374,10.2360085669782,104.376597934374,10.2360085669782,22.9809198943975,8.4031599706611,0.473596709523811,0.0380416869682181,NA,NA
"104","p",7e-04,4e-04,0.0103,0.0062,0.0013,9e-04,209.747232627824,20.0412057943925,209.747232627824,20.0412057943925,74.7235431756391,25.6796644816153,0.822895400000002,0.000442474492905897,0.145524757722083,0.00214299747010027
"105","p",0.0034,0.0056,0.1486,0.0822,0.0063,0.0067,157.981375769149,13.6570971962617,157.981375769149,13.6570971962617,34.4510685437768,14.9585179706079,0.540364047619049,0.0160614198621703,NA,NA
"106","p",0.0129,0.0194,0.3813,0.3846,0.0243,0.0459,131.612795603838,11.1705514330218,131.612795603838,11.1705514330218,21.426453039367,8.75071391806928,0.492778376190478,0.021416882135434,NA,NA
"107","p",4e-04,4e-04,0.0117,0.0054,8e-04,4e-04,191.783942174811,17.7096195950156,191.783942174811,17.7096195950156,63.8923087457267,23.185817949851,0.67892472857143,0.00220345217655076,0.145420595456607,0.0026508715017636
"108","p",0.0883,0.0555,0.3136,0.4297,0.1556,0.1733,89.3851017432668,9.18958380062305,89.3851017432668,9.18958380062305,23.9446420292786,8.45343324371513,0.349386966666668,0.108433179647919,NA,NA
"109","p",0.0309,0.0051,0.0053,0.0012,0.0022,0.0026,115.879090679661,13.9167332087227,115.879090679661,13.9167332087227,69.0565316184914,25.5455047320905,0.528525652380954,0.0151564684010553,0.29614759749108,0.00186915887850467
"110","p",0.0017,0.0016,0.0655,0.0212,0.0032,0.0022,180.32994945359,16.328967788162,180.32994945359,16.328967788162,48.134479301112,20.1908567358168,0.703032276190478,0.00234926422427568,0.183908209123565,0.00238881037521649
"111","p",0.0031,0.0065,0.1224,0.0978,0.0056,0.0082,159.346883522499,13.6381331464174,159.346883522499,13.6381331464174,38.265890744975,15.2707312664939,0.500907509523811,0.0275202242960582,NA,NA
"112","p",0.5357,0.6386,0.532,0.4343,0.6318,0.5312,36.957973790505,2.5814585046729,36.957973790505,2.5814585046729,22.1579491802385,10.5956769101083,0.181188214285715,0.457195948120564,NA,NA
"113","p",0.5264,0.536,0.4971,0.4785,0.6844,0.5585,34.9129053496181,3.0721154517134,34.9129053496181,3.0721154517134,19.2356940551559,8.24187446934847,0.096788266666667,0.664255429325825,NA,NA
"114","p",0.0234,0.0215,0.1378,0.2115,0.0431,0.0458,122.605724984329,11.3261101557632,122.605724984329,11.3261101557632,34.9460521663211,11.6260017856359,0.504825276190478,0.023093622481831,NA,NA
"115","p",0.1641,0.2586,0.0499,0.1103,0.1889,0.1094,79.9875014063309,5.89395663551402,79.9875014063309,5.89395663551402,51.234834457133,15.2049329844744,0.284235861904763,0.220990997918906,NA,NA
"116","p",0.0045,0.0042,0.0712,0.0272,0.0085,0.0047,159.677368978234,14.7651013395639,159.677368978234,14.7651013395639,44.7298553511285,19.2766352614627,0.538822133333335,0.0171662159943675,0.220871868214974,0.00399582956486785
"117","p",0.0013,0.0034,0.0616,0.0206,0.0024,0.0019,187.877368937284,15.3608205607477,187.877368937284,15.3608205607477,48.2440189491823,20.718560000528,0.743130023809526,0.00120931105058559,0.0435331022600613,0.00330521996808752
"118","p",0.3376,0.2959,0.5733,0.2883,0.4532,0.3121,55.1517049883851,5.38240984423676,55.1517049883851,5.38240984423676,18.5142273411497,11.5005216590109,0.151972314285715,0.513157249628419,NA,NA
"119","p",0.0178,0.0272,0.2177,0.2033,0.032,0.0363,139.930089715448,11.7238898442368,139.930089715448,11.7238898442368,34.0872585087771,13.5865620435848,0.584417909523811,0.013720252645312,NA,NA
"120","p",0.0295,0.0894,0.6011,0.4092,0.0541,0.0826,116.715874287784,8.36695445482866,116.715874287784,8.36695445482866,15.8879636336908,8.69157317579037,0.260302961904763,0.231552673271196,NA,NA
"121","p",0.0139,0.0215,0.4298,0.418,0.0259,0.0499,141.303878617668,11.868495576324,141.303878617668,11.868495576324,23.1574921080242,9.74780539215432,0.435871095238096,0.059977419569181,NA,NA
"122","p",0.7454,0.7536,0.6561,0.4587,0.6587,0.6596,18.6852465404861,1.61685046728972,18.6852465404861,1.61685046728972,16.1059495904913,9.01858208057052,-0.0562617523809525,0.805682598952364,NA,NA
"123","p",0.0103,0.0146,0.2081,0.2093,0.019,0.0276,139.823086573804,12.211112834891,139.823086573804,12.211112834891,31.5989475974174,12.2102292708174,0.55468613809524,0.0146822082211655,NA,NA
"124","p",0.088,0.1317,0.7787,0.6762,0.154,0.2292,94.9536793410139,7.66728912772586,94.9536793410139,7.66728912772586,12.6751501008086,6.6542469325936,0.412772042857144,0.0682626256449881,NA,NA
"125","p",0.0075,0.0064,0.1893,0.1386,0.0139,0.0179,146.818977803506,13.2043632087227,146.818977803506,13.2043632087227,31.9336872048668,13.4128775771103,0.541086942857144,0.0151644203321129,NA,NA
"126","p",0.0011,1e-04,6e-04,0.0018,0.0021,3e-04,185.00915167888,19.6189782554517,185.00915167888,19.6189782554517,110.048919885707,27.2242537421001,0.81475644761905,0.000351937839279008,0.179310055597646,0.00238881037521649
"127","p",0.3884,0.4066,0.6364,0.5361,0.5746,0.4947,48.1716364005212,4.25333464174455,48.1716364005212,4.25333464174455,15.778033728547,7.79105120902976,0.131943976190477,0.566729738102004,NA,NA
"128","p",0.0178,0.0223,0.1201,0.0897,0.0327,0.0242,133.793516910491,11.6502975077882,133.793516910491,11.6502975077882,38.5778716328278,15.5568522083877,0.488392700000001,0.0331758818947575,NA,NA
"129","p",0.0292,0.0319,0.2407,0.1738,0.0519,0.0478,124.321293603343,11.2640996573209,124.321293603343,11.2640996573209,31.0856702699584,13.9036882367596,0.405855547619049,0.0803412265984902,NA,NA
"130","p",0.0937,0.0807,0.4582,0.4544,0.1623,0.1811,89.2232507308298,8.39571355140187,89.2232507308298,8.39571355140187,19.2144952048444,8.07894170975069,0.351534442857144,0.104373507632081,NA,NA
"131","p",0,0,0.0046,0.0022,0,0,204.45355998324,19.2625205919003,204.45355998324,19.2625205919003,72.6596949505591,24.6713217818114,0.864517914285717,6.08239299955698e-05,0.0476599271494474,0.00214299747010027
"132","p",0.0155,0.0051,0.0329,0.071,0.0278,0.0203,139.429797338312,15.2852098753894,139.429797338312,15.2852098753894,63.3198716024126,18.4640325190783,0.618508576190478,0.00836455056925551,NA,NA
"133","p",0.0172,0.013,0.0568,0.0667,0.0312,0.0176,136.720219475012,12.9415997819315,136.720219475012,12.9415997819315,50.6054728452429,17.3286336889801,0.548070604761906,0.0194133199628018,NA,NA
"134","p",0.4147,0.2063,0.4547,0.7458,0.6074,0.6223,46.4631397831741,6.51528439252336,46.4631397831741,6.51528439252336,21.7274493472392,5.84843966970635,0.317363600000001,0.165845235823534,NA,NA
"135","p",0.5337,0.4649,0.7706,0.7762,0.7408,0.7367,35.0495126089793,3.72300909657321,35.0495126089793,3.72300909657321,12.7865076705359,5.62581520715574,0.172612114285715,0.446795253278364,NA,NA
"136","p",0.0185,0.0326,0.3923,0.3513,0.0343,0.0533,131.109068824333,10.6499994080997,131.109068824333,10.6499994080997,23.6873075399635,10.3313436043986,0.456263590476192,0.0456519996165929,NA,NA
"137","p",0.0198,0.0261,0.1824,0.1246,0.0369,0.0312,131.342589438155,11.3393825545171,131.342589438155,11.3393825545171,33.9460150054293,14.92987020556,0.527895252380954,0.0210544159833975,NA,NA
"138","p",0.1655,0.1287,0.3726,0.3675,0.2796,0.2351,75.0426228166855,7.50456828660436,75.0426228166855,7.50456828660436,23.2212554774544,9.54240406966094,0.286762357142858,0.197617949226532,NA,NA
"139","p",0.2593,0.1672,0.5858,0.613,0.4107,0.4235,65.2439091868583,7.16902884735202,65.2439091868583,7.16902884735202,18.8249323579038,7.82288463708948,0.284746928571429,0.228797329542209,NA,NA
"140","p",0.005,0.0061,0.0541,0.0361,0.0095,0.0065,150.467521474303,13.3463204984424,150.467521474303,13.3463204984424,44.2933327298142,17.1514537725909,0.539431661904763,0.0123205195099858,0.284510042615434,0.00373356887774485
"141","p",0.1744,0.1687,0.6735,0.8213,0.2895,0.4019,72.832263974841,6.6855107165109,72.832263974841,6.6855107165109,13.5985757307911,4.63048690854888,0.252401314285715,0.239368240469145,NA,NA
"142","p",0.0067,0.0159,0.0066,0.0079,0.0123,0.0034,151.982028398905,11.9978882554517,151.982028398905,11.9978882554517,77.7758018554585,25.6924127947468,0.612401104761906,0.00692964648096629,0.220906926906646,0.00289048764689553
"143","p",0.0499,0.0824,0.4655,0.5554,0.088,0.1391,114.978405983604,9.1024530529595,114.978405983604,9.1024530529595,22.4068328643508,8.36108895730974,0.457372904761906,0.0510265270881261,NA,NA
"144","p",0.0525,0.066,0.5384,0.4782,0.0936,0.1312,110.226760709791,9.58384124610592,110.226760709791,9.58384124610592,19.8418348814755,9.16701972233487,0.428514433333334,0.0633549046141119,NA,NA
"145","p",0.0149,0.0068,0.0054,0.0049,0.0092,0.0033,139.643018979238,14.2365728660436,139.643018979238,14.2365728660436,79.2456897733792,24.9659655591567,0.646766219047621,0.00475162068321189,0.210538197613724,0.00238881037521649
"146","p",0.0079,0.0021,0.0115,0.0039,0.0074,0.0016,150.870969070079,16.0003171962617,150.870969070079,16.0003171962617,68.2747312248647,23.9487349627181,0.652175990476192,0.00468571247694367,0.257584532587505,0.00189882806705236
"147","p",0.0021,0.0045,0.1186,0.0769,0.0042,0.0059,165.944947752102,13.8892512772586,165.944947752102,13.8892512772586,36.3419795584517,15.0685269604468,0.668432847619049,0.00226200888691406,NA,NA
"148","p",0.5503,0.5348,0.5212,0.612,0.7541,0.6644,33.0561098892805,3.10108660436137,33.0561098892805,3.10108660436137,18.6037509628901,7.06248315358245,0.105622842857143,0.637209963277592,NA,NA
"149","p",0.2655,0.4295,0.6125,0.4338,0.4202,0.346,63.2066620649997,4.09899566978193,63.2066620649997,4.09899566978193,17.6130501229931,9.43455003007161,0.174362966666667,0.452576464388071,NA,NA
"150","p",0.0274,0.0344,0.333,0.192,0.0489,0.0473,118.652730643076,10.4462628971963,118.652730643076,10.4462628971963,23.9646695520775,11.6766114941611,0.43494591904762,0.0477395725526638,NA,NA
"151","p",0.1042,0.1615,0.6106,0.7019,0.1809,0.2594,86.4955805402244,6.78431950155763,86.4955805402244,6.78431950155763,15.8403601426261,6.07864692398039,0.31998010952381,0.142014682830271,NA,NA
"152","p",0.4079,0.3237,0.3148,0.1883,0.3087,0.2715,47.0724323850641,5.14233971962617,47.0724323850641,5.14233971962617,27.6517257635161,13.285665965819,0.198479780952381,0.396331756007445,NA,NA
"153","p",0.1573,0.0743,0.1316,0.2382,0.2647,0.17,74.1833834752362,8.50806445482866,74.1833834752362,8.50806445482866,32.9652624920936,10.330830920623,0.357337695238096,0.095303055004252,NA,NA
"154","p",0.3385,0.2832,0.6008,0.4884,0.517,0.4299,53.0563148321536,5.35193190031152,53.0563148321536,5.35193190031152,16.447252569601,8.21000131209363,0.205906147619048,0.353618021513841,NA,NA
"155","p",0.4014,0.3757,0.6907,0.568,0.5928,0.5299,45.4865082030779,4.3715846728972,45.4865082030779,4.3715846728972,14.1355639397702,7.28551204701865,0.243510285714286,0.269607063993793,NA,NA
"156","p",0.3505,0.5021,0.3581,0.2479,0.396,0.2944,49.9390855026958,3.27470439252336,49.9390855026958,3.27470439252336,23.3680197826523,11.041026224958,0.0551758952380953,0.803782216382575,NA,NA
"157","p",0.0548,0.0878,0.2905,0.331,0.097,0.1078,105.684816749496,8.60573635514019,105.684816749496,8.60573635514019,26.4944400807128,9.95785594122243,0.38541442857143,0.0846358075926629,NA,NA
"158","p",0.0096,0.0052,0.0583,0.1504,0.0178,0.0212,147.56845111706,14.2440405607477,147.56845111706,14.2440405607477,48.9650853427561,13.9807929210224,0.622813619047621,0.00718299678855767,NA,NA
"159","p",0.0368,0.0329,0.0227,0.0098,0.018,0.0097,117.655153705817,10.8119688161994,117.655153705817,10.8119688161994,61.1307710569925,25.445583989783,0.277364480952382,0.227779652848929,NA,NA
"160","p",0.0029,0.0107,0.0449,0.0057,0.0057,6e-04,154.749935953374,12.1391239563863,154.749935953374,12.1391239563863,45.6528992352873,21.3004449937324,0.536090033333335,0.0133369479124668,0.233410419678284,0.00322652425456164
"161","p",0.3845,0.3465,0.8887,0.7811,0.5728,0.6156,47.2069265284509,4.59214663551402,47.2069265284509,4.59214663551402,8.99515144175826,5.23173356232145,0.158283104761905,0.472885139469458,NA,NA
"162","p",0.1697,0.0722,0.1801,0.0933,0.1617,0.0984,73.3213585640275,8.58733121495327,73.3213585640275,8.58733121495327,29.8995945196988,13.5524321613698,0.288377085714287,0.180071691695484,NA,NA
"163","p",0.0019,0.0038,0.0687,0.0664,0.0036,0.0049,168.653593261746,14.3519098130841,168.653593261746,14.3519098130841,44.8802161949412,16.6124063603943,0.650096590476192,0.00359174076498691,NA,NA
"164","p",0.5342,0.3993,0.5482,0.4331,0.6315,0.5301,34.0498990417586,4.22231607476635,34.0498990417586,4.22231607476635,18.3753740821042,9.02032027407415,0.0885687904761908,0.694778861085536,NA,NA
"165","p",0.0425,0.0573,0.0994,0.1022,0.0768,0.0439,114.061628614328,9.7468953271028,114.061628614328,9.7468953271028,42.4852446241496,15.8973099536382,0.504645433333335,0.029293802606802,NA,NA
"166","p",0.0141,0.0172,0.0879,0.0356,0.0256,0.0103,137.523215937513,12.02473894081,137.523215937513,12.02473894081,42.8566234551427,18.0449136118498,0.481971747619049,0.0350587455245049,0.264302715595302,0.00659297711310146
"167","p",0.3502,0.3703,0.4226,0.356,0.5274,0.364,51.1032741000681,4.45361931464174,51.1032741000681,4.45361931464174,21.2341496195177,9.40746641187821,0.0531717904761907,0.810644853955313,NA,NA
"168","p",0.0323,0.0542,0.6259,0.6336,0.0592,0.1145,113.461013552784,9.24359856697819,113.461013552784,9.24359856697819,15.1424345618228,6.48586870639962,0.369760852380953,0.0883769854339474,NA,NA
"169","p",0.2381,0.5761,0.2809,0.3839,0.3795,0.2985,66.1463548169192,2.86207560747664,66.1463548169192,2.86207560747664,27.7754040996205,9.77652169617324,0.138421242857143,0.543364285808507,NA,NA
"170","p",0.0973,0.1207,0.4587,0.3692,0.1674,0.1663,93.0082584746825,7.91039180685358,93.0082584746825,7.91039180685358,21.0227876108491,9.8591610862788,0.330933228571429,0.145478821691314,NA,NA
"171","p",0.2084,0.1701,0.0296,0.0211,0.0386,0.0434,68.9311796594911,6.84712464174455,68.9311796594911,6.84712464174455,54.0835081395398,19.6387571446155,0.289152961904763,0.194542821541226,NA,NA
"172","p",0.0025,0.0013,0.02,0.0154,0.0048,0.002,168.646886476802,16.6111676323988,168.646886476802,16.6111676323988,58.0491247893253,19.5764443300942,0.671385966666668,0.00245116573098973,0.144771715193826,0.00289048764689553
"173","p",0.0545,0.0764,0.2532,0.2808,0.0964,0.0952,108.072341827534,9.03028791277259,108.072341827534,9.03028791277259,29.5193446189527,11.2214775522801,0.299484152380953,0.192249303674789,NA,NA
"174","p",0.0157,0.0342,0.4441,0.29,0.0294,0.0467,133.333499587432,10.7636653271028,133.333499587432,10.7636653271028,21.746645679216,10.9379762646249,0.475484876190478,0.035889682874454,NA,NA
"175","p",0.0526,0.0899,0.3646,0.3452,0.0941,0.1046,112.851951561705,8.99051143302181,112.851951561705,8.99051143302181,26.5960910358611,11.0843588432174,0.359790114285715,0.12986479953955,NA,NA
"176","p",0.6858,0.3542,0.0765,0.0609,0.1063,0.1876,23.1679837465037,4.85333813084112,23.1679837465037,4.85333813084112,48.8507840781077,19.2035313922081,0.282818347619048,0.232918963871118,NA,NA
"177","p",0.0409,0.0261,0.2536,0.3927,0.0722,0.1022,113.573266375249,11.3329201869159,113.573266375249,11.3329201869159,28.7659860598338,9.35147922369982,0.527342109523811,0.0198240967388728,NA,NA
"178","p",0.1888,0.1477,0.4625,0.4811,0.3062,0.2981,71.5618815449735,7.07848529595016,71.5618815449735,7.07848529595016,19.7990887687319,8.01520490757651,0.217373914285715,0.322959782216322,NA,NA
"179","p",0.054,0.0263,0.0589,0.0881,0.0954,0.0453,111.41141842505,11.6741786292835,111.41141842505,11.6741786292835,51.4078740332783,16.5014321279161,0.436946576190477,0.0645257528440825,NA,NA
"180","p",0.7325,0.5208,0.7015,0.7615,0.8986,0.8416,18.2957752801435,3.10855797507788,18.2957752801435,3.10855797507788,12.9852042417224,5.03343092789164,0.181996538095238,0.403743917408726,NA,NA
"181","p",0.0451,0.0265,0.193,0.2607,0.0807,0.0796,109.132579221877,10.9224953271028,109.132579221877,10.9224953271028,30.9716615764767,10.8941492498739,0.455795857142858,0.040392142499981,NA,NA
"182","p",0.0225,0.0482,0.0283,0.0243,0.0412,0.011,132.079795109976,10.3829298442368,132.079795109976,10.3829298442368,59.4152547367566,21.0662411498162,0.419136538095239,0.0713827453697031,NA,NA
"183","p",0.1881,0.2664,0.48,0.3236,0.3028,0.2331,75.6698494509549,5.70587903426791,75.6698494509549,5.70587903426791,20.7228252875341,10.531879186227,0.289623833333334,0.207689033740725,NA,NA
"184","p",0.0118,0.0307,0.0262,0.0156,0.0216,0.0065,139.266914425468,10.8757304984424,139.266914425468,10.8757304984424,56.751342869556,21.3478570642295,0.49901011904762,0.0264000282448172,0.345141635694209,0.00214299747010027
"185","p",0.0106,0.0069,0.0907,0.1232,0.0199,0.0195,135.104105263628,12.662755482866,135.104105263628,12.662755482866,37.1527109130666,12.5855072488792,0.501777109523811,0.0193385215414803,NA,NA
"186","p",0.4487,0.6206,0.8306,0.8471,0.6428,0.6993,42.4231233994249,2.4864576635514,42.4231233994249,2.4864576635514,11.1809514540668,4.83106833291927,0.0216085523809524,0.924751478874877,NA,NA
"187","p",0.1145,0.2642,0.035,0.0701,0.1238,0.0644,79.3715387402887,5.19512112149533,79.3715387402887,5.19512112149533,43.9958243152225,13.4141466084222,0.306938657142858,0.139497156400236,NA,NA
"188","p",0.0072,0.0074,0.0753,0.0403,0.0135,0.0076,154.242285421842,14.1299992834891,154.242285421842,14.1299992834891,46.4408458392811,18.672194125771,0.555036990476192,0.0169369633782203,0.250845073484478,0.00214299747010027
"189","p",0.0046,0.0029,0.07,0.0538,0.0084,0.0075,153.00846606976,14.4145739875389,153.00846606976,14.4145739875389,42.4964963644646,16.2579667898521,0.68970122857143,0.00130967800915832,NA,NA
"190","p",0.0392,0.1265,0.6477,0.4736,0.0709,0.1075,120.4489794939,8.2866223364486,120.4489794939,8.2866223364486,17.7516895658164,9.56673712131244,0.338246204761906,0.157476351992533,NA,NA
"191","p",0.006,0.0111,0.0831,0.0163,0.0114,0.0045,153.833483926498,13.0567999688474,153.833483926498,13.0567999688474,42.7230790097263,20.9935480314167,0.541998861904764,0.0169699766219279,0.246432498764427,0.00262842652034842
"192","p",0.0812,0.0456,0.1895,0.1576,0.1424,0.0851,98.1635696782007,10.0875533021807,98.1635696782007,10.0875533021807,33.0066462526422,13.4312663203601,0.349051366666668,0.126498060757393,NA,NA
"193","p",0.2188,0.2372,0.863,0.9089,0.3506,0.4833,68.5705738072268,6.00771514018692,68.5705738072268,6.00771514018692,10.2188281663662,4.04333519533527,0.245422904761905,0.277453816518368,NA,NA
"194","p",0,0,0.0011,6e-04,0,0,197.339690606835,19.0648926479751,197.339690606835,19.0648926479751,82.5194040359165,26.3389774357383,0.756199495238097,0.000274832216212591,0.0373942134372445,0.0026508715017636
"195","p",0.0063,0.0108,0.1105,0.036,0.0118,0.0086,145.07830175789,12.3609267601246,145.07830175789,12.3609267601246,35.1320081659506,16.3128573084666,0.547756309523811,0.010135178656663,0.310800212566973,0.00211332828155258
"196","p",0.0135,0.012,0.0862,0.05,0.0247,0.0132,137.709910946099,12.6629209657321,137.709910946099,12.6629209657321,42.2853579789366,17.096104963249,0.609030952380954,0.00698680109136105,NA,NA
"197","p",0.0125,0.0237,0.0209,0.0162,0.0236,0.0071,133.405115803831,11.0451275389408,133.405115803831,11.0451275389408,57.9255495112164,20.2385830467774,0.533588947619049,0.0142604844786688,0.246720473796319,0.00238425711730051
"198","p",0.0302,0.0459,0.0962,0.0221,0.0405,0.0136,113.532909231178,9.60383744548287,113.532909231178,9.60383744548287,38.0613191944867,18.6401818819932,0.342835590476191,0.115252145833311,NA,NA
"199","p",0.6563,0.5282,0.0416,0.0647,0.1122,0.18,24.4447774757452,3.12750146417445,-24.4447774757452,-3.12750146417445,50.6714081295763,16.0847820480626,-0.152132623809524,0.497527734312545,NA,NA
"200","p",0.0816,0.0677,0.2135,0.1418,0.1428,0.0792,101.736725257385,9.65991781931464,101.736725257385,9.65991781931464,34.2612977604558,14.772606646486,0.356914238095239,0.135457886604155,NA,NA
