"","X","pLW","pLU","pQU","pQH","pMin","pFisher","SW","SL","SWwin","SLwin","SC","SQ","CMCBeta","pBeta","muBk","muPk"
"1","p",0.8235,0.785,0.7181,0.4055,0.6026,0.6599,12.9119615940544,2.18376862928349,-12.9119615940544,-2.18376862928349,34.5985025711392,9.94282279374009,-0.0100496967213109,0.942348941359853,NA,NA
"2","p",0.9986,0.6314,0.739,0.8273,0.9597,0.9779,0.0581819394849816,3.83092760124611,-0.0581819394849816,-3.83092760124611,32.9407637226583,5.50209227478238,-0.0573324262295082,0.683561929589207,NA,NA
"3","p",0.9047,0.8196,0.8232,0.8801,0.9786,0.9684,6.55316316812906,1.83095919003115,-6.55316316812906,-1.83095919003115,27.2680581178845,4.92069457531002,0.00189118474148807,0.989341728092061,NA,NA
"4","p",0.141,0.1113,0.1413,0.3676,0.2381,0.2085,86.7839179815879,13.1385717757009,86.7839179815879,13.1385717757009,108.816043883476,10.8533438743106,0.239406870113493,0.0922397685348849,NA,NA
"5","p",0.4094,0.5731,0.2141,0.0934,0.1626,0.1698,48.8122896489571,4.5975883800623,48.8122896489571,4.5975883800623,91.4208221139198,16.4763306797059,0.148431944514502,0.303473947919975,NA,NA
"6","p",0.5741,0.8647,0.7552,0.9195,0.7822,0.8323,31.7374129948237,1.3038808411215,31.7374129948237,1.3038808411215,29.7927068990958,4.18172098393113,0.0790806696090793,0.563316182607974,NA,NA
"7","p",0.6141,0.9769,0.9552,0.6818,0.8135,0.7413,30.1738530953937,0.267292616822428,30.1738530953937,-0.267292616822428,15.5254669650178,7.38851004238994,0.047748160781841,0.735344519850521,NA,NA
"8","p",0.3164,0.1747,0.0654,0.0515,0.0904,0.0981,58.2573129050829,10.9483536137072,58.2573129050829,10.9483536137072,135.028822521436,17.5527819276726,0.196629269230769,0.158212849041664,NA,NA
"9","p",0.4446,0.4387,0.3261,0.1263,0.2166,0.2205,46.197466289922,6.47083133956386,46.197466289922,6.47083133956386,73.764356682717,15.8813183302982,0.0367927087011351,0.799343406828209,NA,NA
"10","p",0.3528,0.1329,0.1792,0.1037,0.1779,0.1684,52.0342016117662,11.5792237694704,-52.0342016117662,-11.5792237694704,86.1782914892459,14.1712961856317,-0.100448456494325,0.454688607584439,NA,NA
"11","p",0.1227,0.2625,0.8129,0.1092,0.1893,0.0849,93.8327007077158,9.41691065420561,93.8327007077158,9.41691065420561,29.0818851079227,16.6698450556199,0.205720744010088,0.156847784370596,NA,NA
"12","p",0.5538,0.5265,0.4268,0.6805,0.7547,0.7005,35.7543386717025,5.23304940809969,35.7543386717025,5.23304940809969,62.9710262304128,7.58623569424289,0.0708707786885246,0.624576900528574,NA,NA
"13","p",0.4573,0.8955,0.5112,0.3057,0.4757,0.3905,44.4128231740069,1.09405230529595,44.4128231740069,1.09405230529595,53.3062094643379,11.9759270724611,0.101383912988651,0.478938738710221,NA,NA
"14","p",0.1839,0.314,0.4287,0.0996,0.1723,0.1101,78.227085141548,8.20345710280374,78.227085141548,8.20345710280374,59.0679848918048,16.2006317565071,0.155475399117276,0.270379790887488,NA,NA
"15","p",0.0493,0.0527,0.1389,0.5131,0.0889,0.1321,116.554009685929,15.9214482242991,116.554009685929,15.9214482242991,107.152656485843,9.2139563772469,0.325479255359394,0.0218437099400464,NA,NA
"16","p",0.2059,0.434,0.5123,0.429,0.3335,0.2912,73.0104486408683,6.33879654205608,73.0104486408683,6.33879654205608,48.9656818972058,9.43449284587349,0.165953160151324,0.230902775031819,NA,NA
"17","p",0.7186,0.478,0.8363,0.8106,0.8923,0.8664,22.4067763127755,5.98267890965732,22.4067763127755,5.98267890965732,26.8315373526343,6.04327251821934,0.14343677112232,0.317189148439161,NA,NA
"18","p",0.7337,0.8686,0.8826,0.5506,0.7535,0.7263,19.3339654076159,1.30469043613707,-19.3339654076159,-1.30469043613707,20.4356697422316,7.87491305178451,0.0470770851197982,0.728875160855841,NA,NA
"19","p",0.0114,0.058,0.4577,0.1385,0.0216,0.0224,146.339933600392,15.3704451713396,146.339933600392,15.3704451713396,56.8367519594321,14.6956915975594,0.151407496847415,0.285264188308327,NA,NA
"20","p",0.9637,0.464,0.3256,0.5045,0.7084,0.7966,2.77067665549159,6.23348950155763,-2.77067665549159,-6.23348950155763,75.5628771128044,9.79465948629472,-0.0655114810844892,0.653647809597404,NA,NA
"21","p",0.9343,0.7178,0.8701,0.8974,0.9823,0.9761,4.79039846195231,3.01595065420561,4.79039846195231,3.01595065420561,23.924637074018,4.9743377027044,0.104819878940731,0.470717471420579,NA,NA
"22","p",0.2057,0.9346,0.4279,0.1771,0.2942,0.1675,74.7587378904308,0.674836853582553,74.7587378904308,0.674836853582553,59.4388889827764,13.7418901144614,-0.000881274274905051,0.994999614585772,NA,NA
"23","p",0.8589,0.1999,0.2385,0.7477,0.916,0.9012,10.2727562381808,10.2148241433022,-10.2727562381808,-10.2148241433022,79.5099335673683,6.21919321962483,-0.250731288776796,0.0686735843767645,NA,NA
"24","p",0.6207,0.8932,0.8813,0.958,0.8191,0.8718,29.1151151921924,1.12658934579439,29.1151151921924,-1.12658934579439,22.2985160799283,3.6079109872688,-0.00810108007566173,0.9543745615264,NA,NA
"25","p",0.0129,0.0047,0.0862,0.0224,0.0241,0.0069,139.467961377116,22.0797535514019,139.467961377116,22.0797535514019,116.978292203432,19.0981370458166,0.347026846153846,0.01141441703296,0.138069997519833,0.00634382755706847
"26","p",0.2371,0.7312,0.0706,0.3159,0.3782,0.2641,65.0418854840032,2.60615059190031,65.0418854840032,-2.60615059190031,120.851008573308,10.1046157020866,-0.0618683883984866,0.643100420966368,NA,NA
"27","p",0.546,0.5717,0.8491,0.7715,0.7536,0.7438,36.5713753091556,4.67649242990654,-36.5713753091556,-4.67649242990654,26.1143113107244,6.79541277845513,-0.0887767301387137,0.542498504844978,NA,NA
"28","p",0.0933,0.1508,0.476,0.3796,0.1597,0.1646,104.389876633141,12.5454590342679,104.389876633141,12.5454590342679,59.4945462521604,11.3653630724493,0.218855034047919,0.137766882520904,NA,NA
"29","p",0.1446,0.539,0.6499,0.058,0.1039,0.0657,89.0848901671732,5.23435996884735,89.0848901671732,5.23435996884735,42.652227368543,18.6287779670184,-0.000320509457755399,0.998253758236582,NA,NA
"30","p",0.0578,0.5386,0.0341,0.011,0.0209,0.0117,114.204475785795,5.11103249221184,114.204475785795,5.11103249221184,170.17031236561,23.6810256350655,0.0769823385876415,0.592027110717284,NA,NA
"31","p",0.4057,0.7144,0.0435,0.1763,0.2914,0.2547,50.4175813499842,3.10836738317757,50.4175813499842,3.10836738317757,165.414173302784,14.9040119721542,0.0948598694829764,0.515799236782133,NA,NA
"32","p",0.1199,0.0733,0.2232,0.5574,0.2048,0.2438,91.4141561280338,14.4199094080997,91.4141561280338,14.4199094080997,85.2628771660365,8.46624597240928,0.263677627364438,0.0605619361685058,NA,NA
"33","p",4e-04,1e-04,0.0123,0.0746,8e-04,0.0019,205.969367334162,31.6376219626168,205.969367334162,31.6376219626168,213.009696543114,17.5491044891678,0.554748781210592,8.99278941570443e-05,NA,NA
"34","p",0.7536,0.4594,0.8552,0.8318,0.9113,0.8857,18.4185508452941,6.08229626168224,-18.4185508452941,-6.08229626168224,25.4309994754077,5.61885113965462,-0.000517291929382091,0.997141425472363,NA,NA
"35","p",0.0755,0.1534,0.1548,0.4022,0.1323,0.1476,109.379532720833,12.0130217757009,109.379532720833,12.0130217757009,108.610653549548,11.0188349067342,0.200604932534678,0.1706810421782,NA,NA
"36","p",0.2357,0.1959,0.0467,0.3193,0.3793,0.2647,70.8401604585606,10.680657258567,70.8401604585606,10.680657258567,151.861200923058,11.6385613002092,0.2667731185372,0.0623177350795752,NA,NA
"37","p",0.0457,0.1493,0.0871,0.1826,0.0809,0.0651,123.076160329339,12.2331778504673,123.076160329339,12.2331778504673,136.983150233384,14.701446732912,0.202783802648171,0.165707937616878,NA,NA
"38","p",0.1581,0.4564,0.9019,0.4406,0.2591,0.2508,84.9586708036949,6.19157018691589,84.9586708036949,6.19157018691589,21.0691327028362,10.1321758089849,0.105095816519546,0.465941627306348,NA,NA
"39","p",0.1999,0.154,0.6782,0.9512,0.3278,0.4753,72.0987594894854,11.1088598442368,72.0987594894854,11.1088598442368,33.962704375789,3.48710585262147,0.249111001261034,0.0631986205259008,NA,NA
"40","p",0.7489,0.9166,0.7532,0.6253,0.8219,0.7869,19.4890322114846,0.830430965732087,19.4890322114846,-0.830430965732087,32.8559279459645,7.96933999496132,-0.00613135624211885,0.965562476122802,NA,NA
"41","p",0.9185,0.8219,0.4199,0.2508,0.3958,0.5327,6.13519674248564,1.91851757009346,6.13519674248564,1.91851757009346,67.9836496372973,13.6709038798586,-0.00658332408575023,0.964771676235895,NA,NA
"42","p",0.0213,0.0185,0.0802,0.1329,0.0383,0.0328,128.146369454137,18.5881421806854,-128.146369454137,-18.5881421806854,116.825451148831,13.6108260989059,-0.323032327238335,0.0157935826582344,NA,NA
"43","p",0.1063,0.1304,0.5965,0.7323,0.1832,0.2709,93.8403982302776,12.0255823052959,93.8403982302776,12.0255823052959,42.3300912189351,6.56425856978068,0.239690993064312,0.0818626377148249,NA,NA
"44","p",0.0618,0.2948,0.7593,0.2991,0.11,0.1074,105.103390645972,8.23226146417445,105.103390645972,8.23226146417445,29.2219752890292,10.7901701934719,0.158435781210592,0.244906640724214,NA,NA
"45","p",0.9656,0.8939,0.7286,0.2831,0.444,0.5847,2.66726948005307,1.02700881619938,2.66726948005307,1.02700881619938,32.3625661646947,11.1800784916091,0.0247929186633039,0.85672053487803,NA,NA
"46","p",0.1846,0.2349,0.6911,0.7143,0.2982,0.3745,79.2894808668009,9.91930975077881,79.2894808668009,9.91930975077881,38.466443166428,7.0109774938778,0.168316206179067,0.244613826966145,NA,NA
"47","p",0.1873,0.2275,0.4981,0.3069,0.3057,0.2247,76.7626648081043,9.53758361370716,76.7626648081043,9.53758361370716,48.7922001432294,10.7312173639214,0.118810449558638,0.38171250985504,NA,NA
"48","p",0.0228,0.0539,0.1564,0.2019,0.0421,0.0445,130.565282013558,15.4240571339564,130.565282013558,15.4240571339564,99.3505043406317,12.6207942702643,0.32552415258512,0.0180459246396603,NA,NA
"49","p",0.7731,0.1966,0.0193,0.1074,0.185,0.2811,18.1947661090342,11.0330001246106,-18.1947661090342,-11.0330001246106,205.125180469427,17.1971576664755,-0.23431245334174,0.112111044546899,NA,NA
"50","p",0.4896,0.8087,0.8811,0.691,0.6906,0.6579,39.5559184953994,1.92272414330218,39.5559184953994,1.92272414330218,21.0481675894736,6.77108630797699,0.0524034829760404,0.70556189091803,NA,NA
"51","p",0.0158,0.0278,0.3113,0.3191,0.0292,0.0497,142.544665498632,18.0152305919003,142.544665498632,18.0152305919003,71.805013876087,11.1973608071987,0.219505092686002,0.116203998450191,NA,NA
"52","p",0.5033,0.9895,0.8638,0.4592,0.6618,0.5347,39.1738795638285,0.112250124610591,39.1738795638285,0.112250124610591,22.4965314247747,9.06444607418616,-3.39407313997489e-05,0.999802671408254,NA,NA
"53","p",0.4542,0.6593,0.9189,0.501,0.6583,0.5261,45.1604559648447,3.64957713395639,45.1604559648447,3.64957713395639,19.6483275434168,9.74687576083832,0.145308964060529,0.315786657903644,NA,NA
"54","p",0.3489,0.5303,0.9627,0.8611,0.5336,0.6212,51.7624749309458,4.75091392523364,51.7624749309458,4.75091392523364,12.6198653031309,4.85790194105425,0.0869652181588901,0.516533796525962,NA,NA
"55","p",0.4992,0.8881,0.0385,0.1433,0.2389,0.2586,40.6079527594538,1.15402965732087,40.6079527594538,-1.15402965732087,160.987526043467,14.6582704824214,-0.0647468051702396,0.646240968186699,NA,NA
"56","p",0.0428,0.0305,0.0644,0.0535,0.0782,0.0281,119.100025888036,17.5371675389408,119.100025888036,17.5371675389408,137.799697250178,17.8297878018897,0.323189817150063,0.0215680123518756,NA,NA
"57","p",0.1925,0.2176,0.4721,0.4573,0.3133,0.293,76.0801291219654,10.0081913395639,76.0801291219654,10.0081913395639,55.0968545545923,9.54358078069117,0.132398895334174,0.349021312812368,NA,NA
"58","p",0.6408,0.598,0.8466,0.9123,0.8316,0.8621,27.704890336556,4.30463339563863,-27.704890336556,-4.30463339563863,25.7149902181894,4.63666514678228,-0.0207024394703658,0.886297463961809,NA,NA
"59","p",0.0496,0.0552,0.4823,0.2602,0.0879,0.0833,117.650206256243,15.9646281308411,117.650206256243,15.9646281308411,56.4496250052136,12.6177196924898,0.285535049810844,0.0473448088925146,NA,NA
"60","p",0.7383,0.768,0.8795,0.7982,0.9065,0.8699,18.6158102232362,2.25751775700935,-18.6158102232362,-2.25751775700935,19.8995893041941,5.67632322159519,0.00626789848675905,0.962720681809585,NA,NA
"61","p",0.2512,0.0807,0.2965,0.1244,0.2122,0.1531,68.9998428380514,14.5081568535826,-68.9998428380514,-14.5081568535826,80.0737748614991,15.7402853912654,-0.202178144388398,0.160703655035533,NA,NA
"62","p",0.2214,0.0639,0.263,0.2284,0.3575,0.2055,72.5459233717605,14.9936776323988,72.5459233717605,14.9936776323988,80.9975557327003,12.7571629726572,0.261691950819672,0.0626431281184296,NA,NA
"63","p",0.0471,0.3073,0.6329,0.3554,0.0824,0.1011,112.878834711883,8.20351962616822,112.878834711883,8.20351962616822,39.1753188527375,10.4037271964986,0.119554706179067,0.388980266222056,NA,NA
"64","p",0.1416,0.2316,0.6791,0.4596,0.2383,0.2394,81.8282667932629,9.26266542056075,81.8282667932629,9.26266542056075,33.9400530673489,8.68048321232015,0.162547089533417,0.226153319429751,NA,NA
"65","p",0.8627,0.4847,0.6085,0.7833,0.9345,0.9179,10.0215915911848,5.49116819314642,-10.0215915911848,-5.49116819314642,41.2534232284904,5.87547787558057,-0.103116002522068,0.45784373649058,NA,NA
"66","p",0.2847,0.9107,0.1927,0.0018,0.0035,0.0102,65.5821289333993,1.00054660436137,65.5821289333993,1.00054660436137,102.616842716254,31.3735459908153,0.00626743001261039,0.966272725924473,NA,NA
"67","p",0.2139,0.2457,0.4809,0.3344,0.3457,0.254,73.5779260606109,9.46759423676012,73.5779260606109,9.46759423676012,55.6125734887082,11.3136404273968,0.167273055485497,0.241654756053725,NA,NA
"68","p",0.0016,0.031,0.212,0.0162,0.0032,0.0016,184.47622071986,17.5165755451713,184.47622071986,17.5165755451713,92.2858689329155,21.8377418198607,0.293869749054223,0.0403742288274875,0.195572568111077,0.0017274746689193
"69","p",0.3247,0.6738,0.5696,0.3406,0.4993,0.3432,55.3378138702373,3.33099978193146,55.3378138702373,3.33099978193146,43.5274401695078,10.3150664947773,0.0664366708701134,0.627360803292487,NA,NA
"70","p",0.2239,0.6129,0.4628,0.0328,0.0595,0.0586,71.6173373791902,4.20701788161994,71.6173373791902,4.20701788161994,56.6202473512067,20.0728545208227,0.0762374615384618,0.592375761657946,NA,NA
"71","p",0.0754,0.2148,0.6456,0.4904,0.1326,0.169,102.707803544451,9.92844264797508,102.707803544451,9.92844264797508,38.8780461920392,8.75158649492276,0.143777233291299,0.298399692712821,NA,NA
"72","p",0.0191,0.055,0.4069,0.2812,0.0341,0.049,136.91546422544,15.5461476947041,136.91546422544,15.5461476947041,59.5146033633659,11.6041601718585,0.232347805170239,0.0958132941242657,NA,NA
"73","p",0.0928,0.483,0.5234,0.2322,0.1601,0.1158,99.6380987662899,5.91064906542056,99.6380987662899,5.91064906542056,52.0549275644462,12.9127494879192,0.11285228814628,0.430200848899198,NA,NA
"74","p",0.4462,0.6296,0.7244,0.2328,0.3738,0.3249,46.6616635686269,4.1504752647975,46.6616635686269,4.1504752647975,37.9637197903701,13.8026959718531,0.122243195460277,0.408158686446785,NA,NA
"75","p",0.3938,0.0546,0.1966,0.0736,0.129,0.1433,52.3215904393434,16.2360995327103,52.3215904393434,16.2360995327103,100.927304920671,18.86475298478,0.272383953972257,0.0667504581218021,NA,NA
"76","p",0.3709,0.259,0.6197,0.5243,0.56,0.4809,55.8587378591898,9.67244928348909,55.8587378591898,9.67244928348909,46.6304900835134,9.75143867325138,0.185258237074401,0.209270274409409,NA,NA
"77","p",0.2024,0.5504,0.5493,0.2133,0.329,0.1845,77.1131955193502,5.02366996884735,77.1131955193502,5.02366996884735,50.2605822638642,13.5854589698279,0.0433668619167715,0.763639697090899,NA,NA
"78","p",0.2416,0.9977,0.2718,0.2239,0.359,0.2174,70.9011143176948,0.0288684423676002,70.9011143176948,0.0288684423676002,82.1154334810163,13.4399714385909,-0.0337650744010088,0.815764356730816,NA,NA
"79","p",0.1957,0.052,0.1673,0.1296,0.2211,0.1327,76.9860259590354,16.080287788162,76.9860259590354,16.080287788162,100.215840394388,14.907798897868,0.338856400378309,0.0175750011151225,NA,NA
"80","p",0.0499,0.2104,0.5295,0.347,0.0878,0.1057,115.731111336571,10.1865191588785,115.731111336571,10.1865191588785,49.5618922653986,10.8166436946324,0.187816460277427,0.180371290617093,NA,NA
"81","p",0.5276,0.3524,0.0584,0.3489,0.5315,0.4615,37.3845390282795,7.6224868224299,37.3845390282795,7.6224868224299,141.806126633239,10.7808740665991,0.161778781210592,0.25056258847306,NA,NA
"82","p",0.1328,0.2675,0.9168,0.5422,0.2234,0.2575,91.1788010788109,9.43121230529595,91.1788010788109,9.43121230529595,19.7069896443628,9.15275251117667,0.114730712484237,0.428837979658445,NA,NA
"83","p",0.7864,0.7675,0.8444,0.7588,0.9204,0.8728,15.63685403917,2.30815177570094,15.63685403917,2.30815177570094,23.2325381961194,5.72179995397929,0.0480469501891551,0.723774381569787,NA,NA
"84","p",0.0121,0.0078,0.1468,0.1379,0.022,0.0217,149.685252959488,21.5804842990654,149.685252959488,21.5804842990654,109.563724077734,15.1113212030381,0.332807483606557,0.0209404012384573,NA,NA
"85","p",0.6653,0.6093,0.2026,0.3888,0.5829,0.5721,27.4925027684847,4.50840981308411,27.4925027684847,-4.50840981308411,102.04291272532,11.6130626952392,-0.0623742957124837,0.677662341040361,NA,NA
"86","p",0.3867,0.8773,0.1435,0.2945,0.457,0.3455,53.1086259325237,1.26917028037383,53.1086259325237,-1.26917028037383,113.991919749181,12.4738222647842,-0.0361005964691046,0.804660812291151,NA,NA
"87","p",0.5246,0.4901,0.0907,0.1609,0.2699,0.2865,38.3093100567134,5.84227333333334,-38.3093100567134,-5.84227333333334,127.2375779898,14.6134734842753,-0.0480262686002526,0.738010829310688,NA,NA
"88","p",0.5576,0.748,0.6846,0.878,0.7634,0.8035,34.5861504607684,2.63622439252337,34.5861504607684,-2.63622439252337,36.5141868555375,4.94470273623584,-0.0252422704918032,0.856764341385813,NA,NA
"89","p",0.3723,0.1657,0.3229,0.4466,0.5597,0.4323,52.5132962372848,11.2277530841122,52.5132962372848,11.2277530841122,70.4031695384944,9.6761062873347,0.204989882723833,0.146842745076895,NA,NA
"90","p",0.3757,0.4058,0.8961,0.4937,0.564,0.4696,52.8665764743008,6.76210744548286,52.8665764743008,6.76210744548286,20.5485700564409,9.18371592302966,0.126637483606557,0.37135156500462,NA,NA
"91","p",0.1262,0.157,0.4534,0.2608,0.2159,0.1565,96.0391984311788,12.2355934890966,96.0391984311788,12.2355934890966,65.1770934780263,14.150748834858,0.254948592686002,0.092527031067802,NA,NA
"92","p",0.5083,0.6986,0.3296,0.3683,0.5544,0.4686,38.1050836148358,2.9981431152648,-38.1050836148358,2.9981431152648,65.479724537981,9.94396582375814,0.0663426916771755,0.627677422828194,NA,NA
"93","p",0.9537,0.7637,0.9965,0.993,0.9967,0.9979,3.5345976814502,2.51234554517134,3.5345976814502,2.51234554517134,7.50409815384167,2.46146859461203,0.0500528430012608,0.737465504102051,NA,NA
"94","p",0.0481,0.3315,0.0396,0.0064,0.0124,0.0089,106.699873525019,7.29544816199377,106.699873525019,7.29544816199377,135.342687368909,20.260578486229,0.0379312295081966,0.771248778331803,NA,NA
"95","p",0.4598,0.6967,0.8434,0.7128,0.6619,0.6465,45.0870308778275,3.35927725856698,45.0870308778275,3.35927725856698,27.135602919882,7.60390566350249,0.0603486645649432,0.680704737516262,NA,NA
"96","p",0.1005,0.4823,0.6582,0.6115,0.1739,0.2328,100.956326543529,6.00577059190031,100.956326543529,6.00577059190031,42.518693984092,8.59809421396098,0.1185815592686,0.418644070032777,NA,NA
"97","p",0.5262,0.6926,0.9974,0.9978,0.7342,0.8284,38.927580745198,3.34674464174455,38.927580745198,3.34674464174455,6.58610974169035,1.80721760089384,0.0719051885245901,0.625903135811571,NA,NA
"98","p",0.3441,0.4489,0.744,0.7939,0.5259,0.5854,57.7208703767889,6.50867364485981,57.7208703767889,6.50867364485981,35.7781147651745,6.69550796619943,0.0456059697351828,0.75853793130934,NA,NA
"99","p",0.9705,0.9084,0.8032,0.3343,0.5163,0.6463,2.10017833382771,0.944574018691591,2.10017833382771,-0.944574018691591,29.8331128887087,11.7381380863044,-0.0178576683480454,0.901969411811544,NA,NA
"100","p",0.8118,0.402,0.6348,0.8297,0.9473,0.9138,14.8976066495417,7.24563373831776,14.8976066495417,7.24563373831776,45.4529594577414,6.49466998218372,0.183547063051702,0.217632478386981,NA,NA
"101","p",0.1604,0.6186,0.7429,0.604,0.2689,0.3098,79.5663384638661,3.8544492211838,79.5663384638661,3.8544492211838,30.2339505943608,7.44290419844579,0.0479649274905421,0.723649199678346,NA,NA
"102","p",0.1205,0.0263,0.1953,0.5899,0.206,0.2565,91.0481597387444,17.6883276012461,-91.0481597387444,-17.6883276012461,94.2254899754845,8.03785618937349,-0.278636424337957,0.0487122616464661,NA,NA
"103","p",0.1786,0.6963,0.8226,0.3635,0.2972,0.2466,81.1086738726615,3.25874576323987,81.1086738726615,3.25874576323987,27.9049575872284,11.1412288374584,0.0823435069356871,0.568351724804562,NA,NA
"104","p",0.7894,0.9279,0.1676,0.3018,0.4682,0.5432,16.3786869112169,0.777603738317757,-16.3786869112169,-0.777603738317757,108.529666038679,12.84923788999,0.0247212181588901,0.868266583594539,NA,NA
"105","p",0.014,0.0309,0.0152,0.0185,0.0253,0.0079,147.75687626908,17.9392808411215,147.75687626908,17.9392808411215,204.626618677761,21.3437498602076,0.327968404161412,0.0204671803480738,0.13586270837208,0.00793038060409047
"106","p",0.8328,0.9463,0.7281,0.5011,0.7087,0.7398,11.9742905901087,0.519084236760125,11.9742905901087,0.519084236760125,30.9807194541608,8.4049662743624,0.0285433726355612,0.8332289637757,NA,NA
"107","p",0.0939,0.1687,0.6418,0.4125,0.1628,0.1749,98.4395470808462,11.2163944548287,98.4395470808462,11.2163944548287,40.5054810471794,10.0980386083054,0.153685411727617,0.274610924824846,NA,NA
"108","p",0.4611,0.5056,0.5432,0.6785,0.6679,0.6377,41.6871185904595,5.25328819314642,41.6871185904595,5.25328819314642,46.2655587880418,6.99865697254177,0.132357766708701,0.335229461011779,NA,NA
"109","p",0.2129,0.4214,0.5582,0.4435,0.3474,0.3103,72.3309524948682,6.40229470404984,72.3309524948682,6.40229470404984,45.5487172840703,9.39088849853388,0.105408025851198,0.444084369797564,NA,NA
"110","p",0.3817,0.8704,0.39,0.2283,0.3716,0.2893,53.9407462127872,1.43366433021807,53.9407462127872,1.43366433021807,68.1609444475545,13.7424835510908,0.00929667591424976,0.949474393565247,NA,NA
"111","p",0.3743,0.7955,0.8908,0.8825,0.5587,0.6478,53.8835234558524,2.1720653894081,53.8835234558524,2.1720653894081,21.6915643586173,4.90908295129269,0.0746526796973517,0.603541872240823,NA,NA
"112","p",0.0526,0.0639,0.3681,0.5315,0.0943,0.1412,122.648849870825,16.3369364485981,122.648849870825,16.3369364485981,77.8707347535505,10.5340190609909,0.2608706481715,0.08884378923397,NA,NA
"113","p",0.5634,0.787,0.7416,0.7546,0.7704,0.7439,34.9367322534293,2.26399996884735,34.9367322534293,-2.26399996884735,33.2264421645361,6.5056350616934,0.038734656368222,0.782867019625959,NA,NA
"114","p",0.3872,0.8056,0.8962,0.4625,0.5779,0.4582,51.1288260389867,1.96227828660436,51.1288260389867,1.96227828660436,20.8670107278244,9.46920334749866,-0.00565710844892812,0.967908763249011,NA,NA
"115","p",0.5003,0.4448,0.7094,0.931,0.7072,0.786,41.2901022702739,6.40181700934579,41.2901022702739,6.40181700934579,38.3098970202473,4.6599623294492,0.145436006935687,0.320603192210399,NA,NA
"116","p",0.6843,0.9044,0.9622,0.9779,0.8693,0.9132,24.3057316482805,0.996875264797509,24.3057316482805,0.996875264797509,15.3005533525789,3.1490905693424,0.0699683656998738,0.624902258660999,NA,NA
"117","p",0.6641,0.3774,0.7639,0.529,0.7378,0.6767,26.953792857959,7.4941561682243,-26.953792857959,-7.4941561682243,33.2355781287671,9.37602984866279,-0.0932638808322824,0.522530642630147,NA,NA
"118","p",0.8549,0.9423,0.6587,0.8786,0.9682,0.9505,11.6154710736256,0.599181713395638,11.6154710736256,0.599181713395638,42.4079120811702,5.20989580068448,0.0290142099621689,0.843023345324889,NA,NA
"119","p",0.1818,0.4291,0.8912,0.4502,0.3,0.2822,84.0749733173556,6.94961171339564,84.0749733173556,6.94961171339564,24.8096453684559,11.142502817743,0.127641965952081,0.395062862983052,NA,NA
"120","p",0.1642,0.7363,0.0247,0.01,0.0182,0.0221,80.6486020967545,2.72860900311527,80.6486020967545,-2.72860900311527,163.20136229708,22.0625625251034,-0.017147301387137,0.900598600393513,NA,NA
"121","p",0.0689,0.1885,0.6422,0.5068,0.1206,0.1605,111.477680318837,11.1143486604361,111.477680318837,11.1143486604361,44.0829520380702,9.75000866918626,0.227538242749054,0.11956507340837,NA,NA
"122","p",0.5688,0.829,0.9382,0.9112,0.7757,0.8248,34.4085375681011,1.77896485981308,34.4085375681011,1.77896485981308,17.7621456079798,4.89893346498594,0.0326648682219421,0.820726590282675,NA,NA
"123","p",0.7688,0.9343,0.2841,0.5349,0.7384,0.7309,17.8635240186884,0.667901183800625,-17.8635240186884,-0.667901183800625,79.9966212361829,9.13769034271933,0.0260125567465321,0.856585130923275,NA,NA
"124","p",0.3893,0.6452,0.9409,0.6584,0.5804,0.5622,50.3283737684074,3.80285959501558,50.3283737684074,3.80285959501558,16.5151792729015,7.74319678543441,0.0727531538461538,0.610989115722681,NA,NA
"125","p",0.571,0.9664,0.166,0.3696,0.5579,0.5038,33.0016544650307,0.339865295950156,-33.0016544650307,-0.339865295950156,98.563680941618,10.6679092266343,0.0324967011349306,0.817819408974393,NA,NA
"126","p",0.1403,0.3071,0.8788,0.581,0.2347,0.2807,90.6154974485132,8.66371919003115,90.6154974485132,8.66371919003115,23.2807880631936,8.69526720657593,0.222728868852459,0.124169710264731,NA,NA
"127","p",0.2864,0.5484,0.696,0.517,0.4454,0.4055,64.222777305804,4.91354894080997,64.222777305804,4.91354894080997,37.3690121012833,9.0799305144468,0.0900334981084489,0.535085882231683,NA,NA
"128","p",0.467,0.3989,0.1484,0.0108,0.0203,0.0475,44.4189197078394,7.11380741433022,44.4189197078394,7.11380741433022,109.051266537372,24.0842738527059,0.135123627364439,0.351172559787844,NA,NA
"129","p",0.3165,0.442,0.9233,0.6131,0.4856,0.4777,60.5225564149085,6.50194623052959,-60.5225564149085,-6.50194623052959,19.7188744398855,8.3223497172847,-0.116381376418663,0.427127701032196,NA,NA
"130","p",0.2885,0.8886,0.5179,0.5926,0.4507,0.4426,60.7837733071393,1.19018093457944,60.7837733071393,1.19018093457944,47.7786042234172,7.74041440430085,0.0551908070617906,0.686387367804994,NA,NA
"131","p",0.123,0.2465,0.3634,0.0641,0.1148,0.0607,87.9335788198436,9.22694348909658,87.9335788198436,9.22694348909658,63.1732712367924,16.4316120650285,0.124650320933165,0.364721704888116,NA,NA
"132","p",0.2806,0.4262,0.6239,0.7942,0.4338,0.5144,67.2220486446142,6.84303137071651,67.2220486446142,6.84303137071651,45.7686293964196,6.39488970395701,0.0796722320302649,0.591858414943407,NA,NA
"133","p",0.5172,0.7262,0.6627,0.5783,0.7271,0.6196,40.0847335291827,2.91029760124611,-40.0847335291827,-2.91029760124611,43.1259884479565,9.32778497804986,-0.0527896488020176,0.722038468229733,NA,NA
"134","p",0,0.0134,0.1072,9e-04,0,0,242.478503540835,21.065271682243,242.478503540835,21.065271682243,122.56033588416,32.7896848194839,0.358256871374527,0.0127664027456421,0.177641741015473,0.00987103736319368
"135","p",0.4556,0.6471,0.7159,0.7397,0.6635,0.6631,44.9381248155894,3.8454899376947,44.9381248155894,3.8454899376947,35.7101198354302,6.85014032513959,0.0621697351828499,0.66383895941445,NA,NA
"136","p",0.0594,0.1656,0.3621,0.1985,0.1052,0.0797,114.069900168527,11.6960165109034,114.069900168527,11.6960165109034,69.985085868383,13.6848906132096,0.209608031525851,0.145765595534792,NA,NA
"137","p",0.6873,0.5561,0.6314,0.2599,0.4093,0.4503,24.2727352989176,4.97932190031153,24.2727352989176,4.97932190031153,43.3557187200771,12.7712217714677,0.160747359394703,0.266545409573297,NA,NA
"138","p",0.6671,0.4043,0.4596,0.6468,0.8428,0.7523,25.4954577894092,6.75608884735203,25.4954577894092,6.75608884735203,55.3259189427378,7.59093887913682,0.107211100882724,0.445099425709427,NA,NA
"139","p",0.8435,0.7874,0.8699,0.83,0.9589,0.9324,12.4382387801894,2.29091732087227,-12.4382387801894,-2.29091732087227,25.3947871876485,6.35116593416233,0.0246213808322823,0.86900408530866,NA,NA
"140","p",0.1073,0.2759,0.7621,0.5393,0.1838,0.2255,91.0774601375089,8.57918548286604,-91.0774601375089,-8.57918548286604,29.1482874997592,7.99343325382719,-0.140371808953341,0.303402705539213,NA,NA
"141","p",0.6719,0.714,0.9191,0.487,0.6954,0.6547,24.4823587001293,2.93683788161994,-24.4823587001293,-2.93683788161994,17.8257220950877,8.49389560550972,-0.023335001891551,0.863118279766654,NA,NA
"142","p",0.1888,0.0701,0.1759,0.6208,0.3056,0.3501,78.7185444804257,15.0439691900312,78.7185444804257,15.0439691900312,99.2331082624568,7.79842288196221,0.315784663934426,0.0274544080585796,NA,NA
"143","p",0.234,0.355,0.8078,0.469,0.3753,0.3373,73.9381519924526,7.76850641744548,73.9381519924526,7.76850641744548,30.5706687684607,10.3768148913041,0.133046752837327,0.368930376076895,NA,NA
"144","p",0.0151,0.0725,0.0584,0.0759,0.0279,0.0189,145.528208274658,15.1050562928349,145.528208274658,15.1050562928349,150.540148754824,17.6742594594703,0.209822159520807,0.14960679570953,NA,NA
"145","p",0.0723,0.0831,0.5999,0.7186,0.127,0.2093,110.010843666621,14.6541284735202,110.010843666621,14.6541284735202,46.5575934523923,7.27982785624764,0.257875888398486,0.075166866488897,NA,NA
"146","p",0.0148,0.0777,0.2374,0.0034,0.0064,0.0026,148.373913489578,14.6886708411215,148.373913489578,14.6886708411215,90.1905386681378,27.4631251084007,0.133756927490542,0.360150346791418,NA,NA
"147","p",0.2035,0.3622,0.319,0.258,0.3318,0.2112,74.4591323362938,7.27263595015577,74.4591323362938,7.27263595015577,69.1494677058524,11.8605365255001,0.0513067856242117,0.711974023746997,NA,NA
"148","p",0.6257,0.9781,0.7952,0.3429,0.5242,0.5108,29.1287081233329,0.236127352024924,29.1287081233329,0.236127352024924,28.8487419590782,11.029595938203,-0.0241840889029004,0.863985755977205,NA,NA
"149","p",0.2168,0.6851,0.7122,0.4503,0.3516,0.3133,76.2023890869044,3.46343763239875,76.2023890869044,3.46343763239875,37.2959527273371,10.3442172326566,0.0286408909205549,0.844860285333134,NA,NA
"150","p",0.731,0.3263,0.2064,0.5107,0.7165,0.699,20.9450513222551,8.03921186915888,-20.9450513222551,-8.03921186915888,88.0942989669108,8.74114745180994,-0.168211403530895,0.225341680482823,NA,NA
"151","p",0.435,0.334,0.5388,0.548,0.6379,0.5436,44.7690183344914,7.67518548286604,44.7690183344914,7.67518548286604,46.5476423672651,8.22736025074023,0.160573152585119,0.24265208703995,NA,NA
"152","p",0.9789,0.8662,0.0174,0.0442,0.079,0.1855,1.65959626738445,1.45310308411215,-1.65959626738445,1.45310308411215,212.813868847125,20.2310964161606,0.0871838947036569,0.55453759246962,NA,NA
"153","p",0.9406,0.7275,0.8296,0.4488,0.6503,0.7431,3.96265297237905,2.63889900311526,-3.96265297237905,-2.63889900311526,24.4126273883361,9.0793006927177,-0.0656247780580075,0.627618173964433,NA,NA
"154","p",0.0179,0.0667,0.5088,0.1729,0.0336,0.0341,138.118989233266,14.7701990965732,138.118989233266,14.7701990965732,50.3421352599001,13.4922097530571,0.290590873896595,0.0372744376765467,NA,NA
"155","p",0.949,0.367,0.2348,0.6539,0.845,0.8858,3.95369844346505,7.20142140186916,3.95369844346505,-7.20142140186916,81.4745703112396,7.33743299160687,-0.0981806500630516,0.480293196618661,NA,NA
"156","p",0.5752,0.9233,0.2383,0.4851,0.6875,0.5904,34.0341472051898,0.805631682242991,34.0341472051898,0.805631682242991,82.379481098412,9.11281526601466,-0.0119073348045396,0.932205802892187,NA,NA
"157","p",0.7204,0.7041,0.2078,0.0133,0.025,0.0701,20.8064616229081,3.13109009345794,20.8064616229081,3.13109009345794,88.727885553013,22.3866368791861,0.103376315258512,0.463889839546777,NA,NA
"158","p",0.1353,0.2583,0.7382,0.4295,0.2293,0.2269,92.122117676974,9.65937383177571,92.122117676974,9.65937383177571,35.2483025968783,10.7313508573308,0.128336020176544,0.381866771537716,NA,NA
"159","p",0.0742,0.2793,0.585,0.2811,0.1281,0.1183,107.071021535186,9.04651302180685,107.071021535186,9.04651302180685,46.9035194957782,12.433010536777,0.111839335435057,0.440643571430681,NA,NA
"160","p",0.4423,0.7302,0.2539,0.1157,0.1984,0.2092,43.6999580165574,2.70523352024922,43.6999580165574,-2.70523352024922,76.8833855491724,14.1738253642881,-0.085574658259773,0.532660922686861,NA,NA
"161","p",0.5575,0.9469,0.9585,0.6963,0.7657,0.7113,32.8949237969999,0.513997009345793,32.8949237969999,0.513997009345793,14.0945700891239,6.8230564162746,0.0708534987389659,0.610257245708276,NA,NA
"162","p",0.0544,0.0951,0.057,0.0047,0.009,0.0069,106.737902194049,12.848356635514,106.737902194049,12.848356635514,131.885607384396,23.8071588249885,0.0935888568726352,0.490470688955893,NA,NA
"163","p",0.1316,0.3233,0.7731,0.2931,0.2182,0.1711,89.042312667417,8.03868205607477,89.042312667417,8.03868205607477,29.7399179299204,11.5385871976,0.0937004337957124,0.508131283620768,NA,NA
"164","p",0.7868,0.2228,0.161,0.3417,0.5227,0.5851,15.909425948197,10.0455331775701,15.909425948197,10.0455331775701,101.993258357286,11.2213844359614,0.14482378184111,0.308345182358617,NA,NA
"165","p",0.0145,0.0217,0.0025,0.0035,0.0067,0.0035,151.067360381215,19.4799014018692,151.067360381215,19.4799014018692,297.22383090954,28.7245953100104,0.28126277742749,0.0541290443999482,NA,NA
"166","p",0.1063,0.7715,0.2326,0.1139,0.1846,0.0801,96.137345723152,2.44764165109035,96.137345723152,2.44764165109035,89.3303538661291,16.0109632053888,0.0289989993694828,0.841077419116272,NA,NA
"167","p",0.7778,0.595,0.625,0.8755,0.9291,0.9196,16.5537292155083,4.36950246105919,16.5537292155083,-4.36950246105919,40.6805586815652,4.82827461697193,-0.106832186002522,0.444799528269913,NA,NA
"168","p",0.1089,0.1185,0.7065,0.7975,0.1864,0.2933,92.0614175345887,12.2850857632399,92.0614175345887,12.2850857632399,33.5745927491817,5.65680485936741,0.228690361916771,0.0945164261895701,NA,NA
"169","p",0.1959,0.2712,0.5433,0.1579,0.2642,0.1468,77.6164772279856,9.17073831775701,77.6164772279856,9.17073831775701,50.3133971865232,14.490070012077,0.173048525220681,0.227622070105865,NA,NA
"170","p",0.049,0.0265,0.1674,0.0266,0.0483,0.0196,118.568204980066,18.1282801246106,118.568204980066,18.1282801246106,103.499693474529,20.7778290351951,0.269086913619167,0.0600926898336515,NA,NA
"171","p",0.1158,0.2426,0.6484,0.6527,0.1977,0.2666,92.2367166260826,9.50803894080997,92.2367166260826,9.50803894080997,39.7602021852842,7.37598353753736,0.0705047162673391,0.616150073034479,NA,NA
"172","p",0.1193,0.5603,0.7829,0.4931,0.206,0.227,91.7628257960947,4.88025604361371,91.7628257960947,4.88025604361371,29.8681016003332,9.24064458763861,0.112488602143758,0.423745695631688,NA,NA
"173","p",0.8793,0.9312,0.911,0.5437,0.749,0.7911,9.10665663960678,0.720997040498441,9.10665663960678,-0.720997040498441,20.7925435061733,9.04474438990285,-0.0339471160151323,0.81481929219273,NA,NA
"174","p",0.671,0.806,0.6016,0.1361,0.2292,0.3024,24.9662027457671,2.03518859813084,24.9662027457671,-2.03518859813084,45.2738623016331,15.1621605541585,-0.0472307307692307,0.741724328784726,NA,NA
"175","p",0.0561,0.0145,0.0443,0.0436,0.0778,0.0289,120.970410910289,21.2150142367601,120.970410910289,21.2150142367601,170.102920491779,20.8019554083707,0.347029817150063,0.0201463112985035,0.226301780283837,-0.00253445271661651
"176","p",0.1023,0.3697,0.4481,0.0222,0.0401,0.0288,101.612688570549,7.84972056074766,101.612688570549,7.84972056074766,64.2795520308748,25.1186690319763,0.133999360025221,0.370085643507594,NA,NA
"177","p",0.0554,0.2362,0.7432,0.1241,0.0975,0.0568,113.869815789914,9.82051794392524,113.869815789914,9.82051794392524,33.1583192812625,15.7595014014748,0.182211614754098,0.202878809131264,NA,NA
"178","p",0.3473,0.7023,0.5106,0.4714,0.5257,0.4284,53.5197686188203,2.94661174454829,53.5197686188203,2.94661174454829,48.8445015295141,8.969421942567,0.0211463858764187,0.878835466637176,NA,NA
"179","p",0.1333,0.1262,0.2092,0.4715,0.2264,0.2404,92.5740673617543,13.1651250778816,92.5740673617543,13.1651250778816,100.648573083962,10.5985739160588,0.241923075031526,0.104612155509593,NA,NA
"180","p",0.5871,0.7898,0.5227,0.2082,0.3367,0.3591,30.7500317816331,2.1272822741433,30.7500317816331,2.1272822741433,47.046163110163,12.4650144296198,0.022395127994956,0.87057227136586,NA,NA
"181","p",0.1061,0.7503,0.569,0.3731,0.1828,0.1751,95.453212534002,2.51125140186916,95.453212534002,2.51125140186916,45.884321182805,10.5582556473804,0.0227096235813369,0.871693763212612,NA,NA
"182","p",0.1638,0.7994,0.036,0.1904,0.2707,0.1492,85.8568662267374,2.18556171339564,85.8568662267374,2.18556171339564,176.923947196398,14.4838037219239,-0.00273402585119805,0.985149534319154,NA,NA
"183","p",0.5906,0.8779,0.9807,0.7905,0.7908,0.7815,32.4291452692336,1.24742062305296,32.4291452692336,1.24742062305296,11.4511183006151,6.21987199674214,-0.0219021727616644,0.879982372490093,NA,NA
"184","p",0.499,0.7944,0.8544,0.6336,0.7006,0.6319,40.1150430950538,2.13952451713396,40.1150430950538,2.13952451713396,24.4183823225527,7.74251021661399,0.0508771979823453,0.720476507021229,NA,NA
"185","p",0.9726,0.4224,0.2538,0.6325,0.8282,0.8794,2.24574815347018,6.30788031152648,-2.24574815347018,-6.30788031152648,74.7213546148299,7.2134325554255,-0.0675097332912989,0.619010490526869,NA,NA
"186","p",0.4766,0.6605,0.5362,0.8196,0.6747,0.7083,43.4286554301562,3.72542429906542,-43.4286554301562,-3.72542429906542,51.4984248048311,5.80862342383175,-0.0325840365699872,0.821213684696232,NA,NA
"187","p",0.4899,0.7396,0.6142,0.8361,0.6964,0.7348,37.8275872177449,2.4797776635514,37.8275872177449,2.4797776635514,36.475988646985,4.75409903864382,0.0820563385876419,0.531377978276933,NA,NA
"188","p",0.0982,0.234,0.6942,0.2051,0.17,0.1136,100.985345187864,10.0421278816199,100.985345187864,10.0421278816199,40.195837103936,14.3747409651241,0.135322915510719,0.357420408061802,NA,NA
"189","p",0.793,0.887,0.9495,0.8755,0.9402,0.9255,14.5709988841166,1.13450613707165,-14.5709988841166,1.13450613707165,14.1810271051613,4.49552835370175,0.0457887547288777,0.736992410707843,NA,NA
"190","p",0.0273,0.1026,0.4472,0.3078,0.0502,0.0646,139.570303255819,14.3025042990654,139.570303255819,14.3025042990654,64.8747385118592,13.2674782964553,0.353176208701134,0.018855858810833,NA,NA
"191","p",0.6298,0.9285,0.9222,0.7658,0.8255,0.7943,29.4185199547654,0.75507034267913,29.4185199547654,0.75507034267913,19.3660381812952,6.6452981411774,0.00914877112232065,0.949245924772753,NA,NA
"192","p",0.258,0.348,0.6253,0.5681,0.4109,0.4023,68.7562781884426,7.79398367601246,68.7562781884426,7.79398367601246,43.14863253276,8.81421144051044,0.125567267339218,0.383695899903649,NA,NA
"193","p",0.017,0.0445,0.3426,0.0726,0.031,0.0181,141.448803396289,16.6597134579439,141.448803396289,16.6597134579439,71.2122845002012,17.0525070151204,0.312651767969735,0.0276972404979587,NA,NA
"194","p",0.4054,0.242,0.2732,0.4917,0.6044,0.4899,46.0675101858811,8.94395087227414,46.0675101858811,8.94395087227414,68.8315796934973,8.08716027748997,0.126385985498108,0.339344593726115,NA,NA
"195","p",0.1317,0.1962,0.5413,0.8919,0.2245,0.3511,85.0584208132257,9.99875563862928,85.0584208132257,9.99875563862928,44.5215669816211,4.37238520167512,0.163480951450189,0.22525349055688,NA,NA
"196","p",0.3817,0.1854,0.3832,0.6726,0.5746,0.5663,52.2420331871867,10.845409376947,52.2420331871867,10.845409376947,66.3033862104516,7.58997605045393,0.17872990037831,0.211149455089578,NA,NA
"197","p",0.4916,0.5627,0.516,0.4176,0.613,0.4914,39.2861671839571,4.59061707165109,39.2861671839571,4.59061707165109,48.384579487713,9.47261469408778,0.133898051071879,0.331119175732116,NA,NA
"198","p",0.0561,0.4145,0.5365,0.2459,0.0997,0.0918,110.494388351361,6.35510809968847,110.494388351361,6.35510809968847,46.2336287990363,11.6467691794163,0.0936044590163933,0.495729155426766,NA,NA
"199","p",0.9742,0.5987,0.7916,0.4534,0.6545,0.7607,1.79086077706946,4.282393894081,1.79086077706946,-4.282393894081,29.9057772794548,9.621161158696,-0.0365561601513242,0.79597465502574,NA,NA
"200","p",0.7739,0.9398,0.7894,0.9565,0.9282,0.9463,18.0335602407051,0.649413987538943,18.0335602407051,0.649413987538943,33.4713467957211,4.33520357489797,0.0127729602774275,0.932561066865568,NA,NA
