"","X","pLW","pLU","pQU","pQH","pMin","pFisher","SW","SL","SWwin","SLwin","SC","SQ","CMCBeta","pBeta","muBk","muPk"
"1","p",0.071,0.0812,0.1197,0.0799,0.1126,0.0574,73.4150297138317,10.9426063862928,73.4150297138317,10.9426063862928,83.0757286583597,8.0677520175112,0.359497660603714,0.139072823063014,NA,NA
"2","p",0.5004,0.8872,0.6844,0.0889,0.1392,0.1971,27.3042660517646,0.87655367601246,27.3042660517646,0.87655367601246,8.66810761529706,8.02802741651697,-0.10576489744582,0.667749338606764,NA,NA
"3","p",0.5988,0.4418,0.4368,0.7625,0.7657,0.7423,21.6237824242544,4.92658059190031,21.6237824242544,4.92658059190031,23.8579543326033,1.72504425771271,0.0702091350619193,0.777091997462958,NA,NA
"4","p",0.7531,0.9398,0.7667,0.41,0.5646,0.5943,12.8869669060723,0.515841682242991,-12.8869669060723,0.515841682242991,6.35200177404746,3.93019586081263,0.0387347832817336,0.876694819945852,NA,NA
"5","p",0.8531,0.7619,0.8144,0.8456,0.9542,0.9222,7.80442447732293,1.95056881619938,7.80442447732293,1.95056881619938,5.11662245951058,1.44920310168677,0.0114269040247678,0.963961770843741,NA,NA
"6","p",0.5643,0.5941,0.6553,0.5653,0.7339,0.61,23.8927435929849,3.42368130841121,-23.8927435929849,-3.42368130841121,9.71978819385354,2.73142772244252,-0.220518384287925,0.357416618579892,NA,NA
"7","p",0.7325,0.7453,0.8871,0.9349,0.8832,0.9036,14.7310008355556,2.09897962616822,14.7310008355556,2.09897962616822,3.46879535370672,0.860523426036584,0.0853022310371515,0.730306665734949,NA,NA
"8","p",0.3215,0.5485,0.7173,0.3956,0.4683,0.363,40.3065136455475,3.77569956386293,40.3065136455475,3.77569956386293,7.65552613684707,3.92832241974762,0.109025768188854,0.655593405076468,NA,NA
"9","p",0.2211,0.5933,0.8755,0.5338,0.3262,0.3459,51.5733715310438,3.43061828660436,51.5733715310438,3.43061828660436,3.60750627792176,3.122097632096,0.0586118691950463,0.81719575233575,NA,NA
"10","p",0.2268,0.2187,0.2654,0.354,0.3355,0.2727,47.2854120920429,7.4063099376947,47.2854120920429,7.4063099376947,40.2365638848584,3.86081210043887,0.332409634287925,0.157397294665414,NA,NA
"11","p",0.5769,0.9752,0.8238,0.5805,0.7479,0.6247,23.9942139551426,0.198270093457944,23.9942139551426,0.198270093457944,4.93238463288809,2.8680973720382,-0.0325038796439628,0.898552435256677,NA,NA
"12","p",0.6927,0.161,0.0786,0.2764,0.4006,0.459,17.1561783046249,9.246786105919,17.1561783046249,9.246786105919,115.110569486946,5.25610592423961,0.586985106424147,0.0201742118902762,NA,NA
"13","p",0.8876,0.6291,0.4852,0.7806,0.9137,0.9055,5.89674761971366,3.03733937694704,-5.89674761971366,3.03733937694704,19.8020892139928,1.69756179869654,0.0193299129256965,0.938602299730176,NA,NA
"14","p",0.2201,0.6223,0.8997,0.569,0.3242,0.3548,50.5408807470014,3.13744672897196,50.5408807470014,3.13744672897196,2.78403722287342,2.62759184882367,0.180193037925696,0.466123565649056,NA,NA
"15","p",0.2535,0.9469,0.6062,0.3332,0.3756,0.2861,47.9725225706874,0.423921682242989,-47.9725225706874,-0.423921682242989,12.5825383440699,4.50825469863834,-0.177696478328173,0.47647927440057,NA,NA
"16","p",0.5913,0.6591,0.8073,0.8993,0.7555,0.7963,21.741724667398,2.79517906542056,-21.741724667398,-2.79517906542056,4.88885643558521,0.883209536081413,-0.144514806501548,0.551824157253985,NA,NA
"17","p",0.8874,0.4451,0.2693,0.6248,0.7925,0.8195,5.90119777019606,4.92031348909657,5.90119777019606,-4.92031348909657,46.5510409431568,2.51553470421577,-0.206845168343653,0.410407156603979,NA,NA
"18","p",0.7402,0.9422,0.8722,0.9234,0.8876,0.9013,13.4337751631971,0.457923395638628,13.4337751631971,-0.457923395638628,3.17367813879606,0.849344191759308,-0.0789210990712072,0.740115408115214,NA,NA
"19","p",0.2796,0.4232,0.5897,0.7203,0.4078,0.4715,45.2724114752816,5.1508745482866,45.2724114752816,5.1508745482866,13.1294817656587,2.09690488952503,0.166707343266253,0.502061835226102,NA,NA
"20","p",0.4832,0.5279,0.5701,0.2762,0.4041,0.3707,29.9832448937104,4.13475040498442,-29.9832448937104,-4.13475040498442,14.9997794979591,5.31280047183336,-0.100041058436532,0.695708239748597,NA,NA
"21","p",0.7316,0.736,0.5499,0.8484,0.8816,0.8617,14.1336094786053,2.27631990654206,14.1336094786053,-2.27631990654206,16.4165063135881,1.41500691020731,-0.219125503095975,0.389287909824498,NA,NA
"22","p",0.8207,0.7928,0.561,0.1206,0.1895,0.317,9.37846833704823,1.61598806853582,9.37846833704823,-1.61598806853582,14.217161903668,6.92788044498975,-0.120023955108359,0.626031986137596,NA,NA
"23","p",0.1715,0.2292,0.3335,0.5268,0.2617,0.2978,55.9499138798003,7.41791274143302,55.9499138798003,7.41791274143302,32.4467349983129,2.90100240726121,0.147682451625387,0.541393205030684,NA,NA
"24","p",0.114,0.1181,0.1714,0.4407,0.1765,0.2064,65.7364841377983,9.93832009345794,65.7364841377983,9.93832009345794,66.5819665548573,3.65372058854236,0.301388916408668,0.223806190670908,NA,NA
"25","p",0.7729,0.5077,0.286,0.4901,0.6592,0.6725,11.9231151342093,4.14892663551402,11.9231151342093,-4.14892663551402,40.1625532066375,3.13859647938771,-0.187569723297213,0.43716608919242,NA,NA
"26","p",0.5802,0.2756,0.196,0.1176,0.1811,0.2497,21.6904346476438,6.550546105919,21.6904346476438,6.550546105919,52.1229040862458,6.53196133611015,0.136308684210526,0.560015537265592,NA,NA
"27","p",0.6162,0.6675,0.8315,0.9493,0.7834,0.8426,20.9805101311616,2.74069177570094,-20.9805101311616,-2.74069177570094,4.65320350030698,0.707865074389446,-0.116619996130031,0.647930268255351,NA,NA
"28","p",0.307,0.4717,0.6334,0.571,0.4454,0.4361,44.4733803510965,4.80970890965732,44.4733803510965,4.80970890965732,11.7589727544003,3.08094798713386,0.17418642995356,0.500714009544154,NA,NA
"29","p",0.164,0.1092,0.1334,0.5412,0.2518,0.2934,60.080211618383,10.6167619003115,60.080211618383,10.6167619003115,87.7390466407967,3.29833701167653,0.327449347910216,0.201245869056622,NA,NA
"30","p",0.5198,0.3967,0.4134,0.887,0.6814,0.7397,27.7672782676004,5.50757797507788,27.7672782676004,5.50757797507788,26.0810927850179,1.01581115664852,0.134715067724458,0.592423943991256,NA,NA
"31","p",0.23,0.1722,0.2048,0.488,0.3353,0.3299,51.9303319576312,8.96576962616822,51.9303319576312,8.96576962616822,62.4121460707413,3.49305669407847,0.272462995356036,0.286397520751293,NA,NA
"32","p",0.2986,0.3296,0.4302,0.8501,0.4351,0.5404,42.8667389319068,6.164893894081,-42.8667389319068,-6.164893894081,24.1575724057561,1.37045881116542,-0.251365276702786,0.308078092792782,NA,NA
"33","p",0.5466,0.8374,0.5591,0.5358,0.7091,0.5796,25.3729669114065,1.32385028037383,-25.3729669114065,1.32385028037383,15.1040598034564,3.13236583305519,0.117162080108359,0.640790446362865,NA,NA
"34","p",0.4302,0.2094,0.1844,0.5624,0.583,0.5156,33.8210001586953,8.15282196261682,33.8210001586953,8.15282196261682,65.5950818163611,2.80305553042038,0.332174187306501,0.188495788664776,NA,NA
"35","p",0.4192,0.5106,0.5961,0.3845,0.5395,0.4128,34.7347942227648,4.32539168224299,34.7347942227648,4.32539168224299,13.5725116857792,4.45814573979631,0.253917207817337,0.322569227723798,NA,NA
"36","p",0.5524,0.899,0.6753,0.7626,0.72,0.7059,25.1885792434859,0.80747277258567,25.1885792434859,-0.80747277258567,9.619766926333,1.81015306776749,-0.0335621826625386,0.8937951908856,NA,NA
"37","p",0.799,0.7186,0.8109,0.9767,0.9216,0.9444,11.0368249697112,2.41128112149533,11.0368249697112,2.41128112149533,5.62594039488943,0.470128148510803,0.0635845820433435,0.804334953950885,NA,NA
"38","p",0.2981,0.1254,0.1082,0.595,0.4312,0.4387,43.3641794542774,10.0091485981308,43.3641794542774,10.0091485981308,94.965806420412,2.8287134822885,0.335492519349844,0.183555636717166,NA,NA
"39","p",0.3977,0.6175,0.8201,0.6169,0.5548,0.5272,33.2708205195409,2.98635049844237,-33.2708205195409,-2.98635049844237,4.37482270183343,2.33289879040951,-0.223110375386996,0.343178699298287,NA,NA
"40","p",0.5911,0.2624,0.2079,0.5478,0.7117,0.6156,22.2765589910249,7.14573890965732,22.2765589910249,7.14573890965732,58.6159304227464,2.90146325631888,0.19492844620743,0.433095299657657,NA,NA
"41","p",0.9783,0.495,0.3267,0.1895,0.2833,0.4482,1.15421567357679,4.49284822429907,-1.15421567357679,4.49284822429907,39.8368266453481,6.6613332087609,0.23162090363777,0.374771487722183,NA,NA
"42","p",0.4583,0.503,0.6209,0.9142,0.6208,0.7059,29.0950423800473,4.09828302180685,29.0950423800473,4.09828302180685,10.5705670859407,0.766520704348687,0.0896026315789471,0.7035936771156,NA,NA
"43","p",0.5558,0.4187,0.3721,0.1252,0.1931,0.2514,23.8217670629123,5.02495937694704,23.8217670629123,5.02495937694704,28.5109447233685,6.67937959579661,0.235791865325077,0.329316223965355,NA,NA
"44","p",0.9115,0.8323,0.8568,0.7087,0.8622,0.8758,4.42174872312927,1.35631068535826,4.42174872312927,1.35631068535826,3.87229823728699,1.90916175123273,0.0484340344427243,0.839364001273373,NA,NA
"45","p",0.7181,0.6797,0.7499,0.8407,0.8708,0.855,14.3177126068125,2.57361221183801,14.3177126068125,2.57361221183801,6.36151367759056,1.32543925260894,0.0455297445820431,0.849882963533415,NA,NA
"46","p",0.5507,0.5442,0.2511,0.3081,0.4387,0.4207,24.7719396370292,3.87541479750779,24.7719396370292,-3.87541479750779,48.9794195113687,4.83828254242238,-0.210556251934984,0.406294930867137,NA,NA
"47","p",0.7829,0.7286,0.8223,0.9109,0.9179,0.9158,10.5757257163072,2.07130043613707,-10.5757257163072,-2.07130043613707,4.30976200762464,0.801828865878822,-0.123468792569659,0.603962907264968,NA,NA
"48","p",0.7472,0.5103,0.4577,0.6557,0.8238,0.7716,12.9458209611795,4.10512517133956,-12.9458209611795,-4.10512517133956,20.6612687509301,2.36747995303052,-0.157638498452012,0.515027368011844,NA,NA
"49","p",0.9357,0.5214,0.4211,0.9026,0.9783,0.9698,3.43357978476169,4.24119760124611,3.43357978476169,4.24119760124611,27.3256426182929,1.11247181943191,0.151278701625387,0.558859967364523,NA,NA
"50","p",0.0102,0.0762,0.2113,0.0261,0.0169,0.0107,105.733315641322,10.996537258567,105.733315641322,10.996537258567,52.96701479054,11.3569728019333,0.350737751547987,0.14825561505073,NA,NA
"51","p",0.5934,0.3548,0.2978,0.2742,0.3997,0.413,21.6212886565484,5.793006105919,-21.6212886565484,-5.793006105919,38.5308899939461,4.89768971962405,-0.154377977941176,0.528927172209345,NA,NA
"52","p",0.7953,0.4501,0.346,0.2939,0.4284,0.5135,10.4717831883082,4.68791239875389,10.4717831883082,4.68791239875389,31.5058302187948,4.59323829052616,0.100886426083591,0.67471009729126,NA,NA
"53","p",0.9264,0.6585,0.5493,0.924,0.9869,0.9767,3.98934489383688,2.87528482866044,-3.98934489383688,2.87528482866044,16.3181734907117,0.98391586859933,0.0180530998452012,0.94332785575519,NA,NA
"54","p",0.8034,0.429,0.3488,0.8868,0.9298,0.9159,9.90872304282077,4.70501056074766,9.90872304282077,4.70501056074766,28.5943171509817,1.03080774696649,0.364121081656346,0.120458143998728,NA,NA
"55","p",0.1408,0.6311,0.7485,0.1616,0.2137,0.134,60.6826431923934,3.01231909657321,60.6826431923934,3.01231909657321,6.36879268941694,6.169923584329,-0.0173188080495356,0.944136562104039,NA,NA
"56","p",0.7572,0.9271,0.853,0.8352,0.8986,0.8721,12.8682717494501,0.578989875389408,12.8682717494501,-0.578989875389408,4.13137454660698,1.45067085600444,-0.00751586687306503,0.975765390087539,NA,NA
"57","p",0.4049,0.2045,0.1898,0.6912,0.5598,0.5627,34.8183194251254,8.06814171339564,-34.8183194251254,-8.06814171339564,62.1118052626488,2.09667856325419,-0.330120497291021,0.182251990500622,NA,NA
"58","p",0.924,0.9098,0.9204,0.6993,0.854,0.8783,4.01567677921167,0.740672866043614,-4.01567677921167,-0.740672866043614,2.5476706786733,2.12723336740979,-0.159040863003096,0.530503525763538,NA,NA
"59","p",0.1257,0.1764,0.2693,0.4214,0.1945,0.2159,65.8725956409267,8.87397401869159,65.8725956409267,8.87397401869159,47.1859085811793,3.92528991169387,0.386675775928792,0.125727322406458,NA,NA
"60","p",0.9311,0.7455,0.5578,0.1286,0.2023,0.35,3.63845052952106,1.93264682242991,3.63845052952106,-1.93264682242991,13.326416715779,6.05640779846754,-0.041289583978328,0.860481236114496,NA,NA
"61","p",0.6358,0.6773,0.774,0.8055,0.8069,0.7896,20.0826698919566,2.80412806853583,20.0826698919566,2.80412806853583,6.21707180906178,1.68412581079882,0.00638448916408672,0.979858456323239,NA,NA
"62","p",0.6275,0.8786,0.8554,0.4056,0.5652,0.539,20.217745382001,0.965905576323988,-20.217745382001,-0.965905576323988,3.93789998104731,3.90875665021168,-0.167074698142414,0.498474981503911,NA,NA
"63","p",0.9277,0.8638,0.8802,0.9089,0.9801,0.9692,3.47614059820809,1.05269280373832,-3.47614059820809,1.05269280373832,3.29270255754254,0.811984009401826,-0.040347991486068,0.868261464257092,NA,NA
"64","p",0.6672,0.7553,0.8871,0.7797,0.8279,0.7906,17.0347310629692,1.86347065420561,-17.0347310629692,-1.86347065420561,2.83494096601385,1.50380110150046,0.113930549535603,0.628537206567583,NA,NA
"65","p",0.3521,0.3676,0.4548,0.7929,0.4963,0.5627,37.9583113532118,5.59180978193146,37.9583113532118,5.59180978193146,20.8445698031434,1.53056579933186,0.173890659829721,0.474833617809834,NA,NA
"66","p",0.9713,0.8413,0.9062,0.9657,0.9973,0.9952,1.68596837112794,1.33835713395639,1.68596837112794,1.33835713395639,3.02341412761629,0.549871198163283,0.111064984520124,0.66880468888208,NA,NA
"67","p",0.9132,0.7844,0.6429,0.3889,0.5472,0.6494,4.36957823491831,1.7923184423676,4.36957823491831,-1.7923184423676,10.8236522707552,4.21187625029232,-0.111645572755418,0.655822690204947,NA,NA
"68","p",0.3755,0.4247,0.5298,0.7392,0.5288,0.5687,36.8516379142133,5.12307174454829,36.8516379142133,5.12307174454829,16.9738224154612,1.92028093346175,0.176037343266253,0.484602024152537,NA,NA
"69","p",0.3438,0.4215,0.5147,0.4697,0.4833,0.4071,37.9230093439807,4.96648330218069,37.9230093439807,4.96648330218069,16.1839277569072,3.18194073032508,0.143944862616099,0.548203037012524,NA,NA
"70","p",0.1721,0.9553,0.5088,0.232,0.2612,0.1848,57.0543134739549,0.3736407788162,-57.0543134739549,-0.3736407788162,18.2283143620092,5.66164182155071,0.000424820046439669,0.998641486929203,NA,NA
"71","p",0.0879,0.3005,0.5431,0.268,0.1366,0.134,70.9778830008589,6.54188847352025,70.9778830008589,6.54188847352025,15.5642001502198,4.88612270416746,0.14855120743034,0.539900286396174,NA,NA
"72","p",0.9688,0.4934,0.3685,0.671,0.8295,0.8817,1.6703480144783,4.30478062305296,1.6703480144783,4.30478062305296,30.4697237671305,2.12244812497209,0.189071635061919,0.439922077915875,NA,NA
"73","p",0.6817,0.9267,0.7006,0.3581,0.5087,0.5222,17.118388249963,0.604112990654204,17.118388249963,-0.604112990654204,8.21742088888875,4.35056600858617,-0.0513963506191949,0.837582000211437,NA,NA
"74","p",0.4105,0.8582,0.457,0.1588,0.245,0.2419,35.8977259180476,1.19786884735202,-35.8977259180476,1.19786884735202,23.279280087259,6.94958227800282,0.114369841331269,0.658794295028929,NA,NA
"75","p",0.9894,0.7569,0.7607,0.9477,0.9914,0.9929,0.609479195705467,2.0042914953271,-0.609479195705467,-2.0042914953271,6.87490347455327,0.671520491211224,-0.0832732023993806,0.749627417063683,NA,NA
"76","p",0.615,0.4183,0.3873,0.5976,0.7687,0.6619,22.2346462215352,5.44981629283489,-22.2346462215352,-5.44981629283489,31.3587283286593,3.02722663497054,-0.154355327012384,0.55077719363055,NA,NA
"77","p",0.2788,0.2819,0.3485,0.5814,0.4045,0.4133,46.490138445408,6.98766190031153,46.490138445408,6.98766190031153,33.8414024216939,2.94849938226632,0.282760284442724,0.262615768770806,NA,NA
"78","p",0.4439,0.2296,0.2079,0.5586,0.6046,0.5278,32.7396099616256,7.82978501557632,32.7396099616256,7.82978501557632,60.6075339055333,2.9712073160727,0.190889073142414,0.451917330303984,NA,NA
"79","p",0.6029,0.4822,0.5085,0.9469,0.7758,0.8322,22.5141034767862,4.61957492211838,22.5141034767862,4.61957492211838,18.9816031894101,0.885645408463875,0.0612382623839008,0.807321678811653,NA,NA
"80","p",0.9133,0.8425,0.8551,0.6349,0.791,0.8262,4.52622116340715,1.23088869158879,-4.52622116340715,-1.23088869158879,3.72729462217037,2.2032244264083,-0.183648442337461,0.455063003640255,NA,NA
"81","p",0.1766,0.2838,0.4296,0.5301,0.2673,0.2998,56.2044995855193,6.7593138317757,56.2044995855193,6.7593138317757,24.0961147338896,3.07588014215877,0.314147954721361,0.202694592608848,NA,NA
"82","p",0.0461,0.0535,0.0855,0.1232,0.0752,0.0579,83.87957978715,12.667059376947,83.87957978715,12.667059376947,109.407017813646,7.31687646116751,0.354687954721361,0.162211858555373,NA,NA
"83","p",0.0472,0.0165,0.0204,0.0944,0.0736,0.0523,80.8486913559168,14.581631682243,80.8486913559168,14.581631682243,169.738100331716,7.47344369705687,0.4811824748452,0.0426880646995556,NA,NA
"84","p",0.9862,0.5503,0.4095,0.4571,0.6271,0.7414,0.640453601880743,3.87888775700935,0.640453601880743,3.87888775700935,27.4011634053399,3.80367567524368,0.0352786996904023,0.889338764167723,NA,NA
"85","p",0.4683,0.1123,0.0668,0.2798,0.409,0.3671,31.7359392618186,10.6304214018692,-31.7359392618186,-10.6304214018692,131.049019902069,5.53617708876558,-0.436811244195045,0.0959108710182102,NA,NA
"86","p",0.0056,0.0235,0.0701,0.0526,0.0094,0.0112,116.90517552561,14.9355571028037,116.90517552561,14.9355571028037,123.310190719963,9.99779398480689,0.567875735294116,0.0257903998761673,NA,NA
"87","p",0.961,0.6518,0.5435,0.8585,0.9583,0.9642,1.9844810717446,2.93156666666667,1.9844810717446,-2.93156666666667,16.0789777859778,1.28980828072954,0.030528333978328,0.903404425286001,NA,NA
"88","p",0.571,0.7302,0.4226,0.2317,0.3426,0.3722,23.777623643539,2.09827794392523,-23.777623643539,2.09827794392523,24.1494782954735,5.4337091560678,0.0394480553405572,0.872080913414719,NA,NA
"89","p",0.1178,0.4913,0.7347,0.1796,0.1822,0.1226,64.6317941560263,4.38970186915888,64.6317941560263,4.38970186915888,7.24536876934829,6.27253828019611,0.202385485681114,0.414095607934778,NA,NA
"90","p",0.7725,0.9766,0.9419,0.9201,0.91,0.9159,11.8827434235024,0.18812417445483,11.8827434235024,-0.18812417445483,2.09508997980569,0.942275970961061,-0.0484832759287924,0.845197432767362,NA,NA
"91","p",0.9316,0.8672,0.8548,0.8863,0.9714,0.9652,4.01849020718943,1.15906716510903,-4.01849020718943,1.15906716510903,4.28982230383437,1.2363052411266,-0.0469853270123838,0.859836427147837,NA,NA
"92","p",0.6776,0.6787,0.7946,0.9398,0.8363,0.8711,16.6330623604806,2.59075996884735,16.6330623604806,2.59075996884735,5.12335633367573,0.70045226815745,0.150747064628482,0.529244815114889,NA,NA
"93","p",0.9035,0.4926,0.3821,0.8237,0.9392,0.9293,5.06901371061084,4.67607825545171,-5.06901371061084,-4.67607825545171,32.4844099325899,1.63357987824293,-0.277563359133126,0.288253860212995,NA,NA
"94","p",0.5104,0.3971,0.41,0.7526,0.684,0.6792,25.1558039375419,5.00387211838006,25.1558039375419,5.00387211838006,22.3629851660593,1.62914019076636,0.0664545181888543,0.771229699141499,NA,NA
"95","p",0.3079,0.1467,0.1369,0.4964,0.4414,0.4021,44.6654934373613,9.54805722741433,44.6654934373613,9.54805722741433,83.1477907769532,3.50981889587494,0.285191190015479,0.266569870947828,NA,NA
"96","p",0.0179,0.0363,0.0846,0.1045,0.0301,0.0328,105.311013826365,14.021023894081,105.311013826365,14.021023894081,114.356869312673,8.14943026100279,0.354875354102166,0.166661718094325,NA,NA
"97","p",0.1438,0.1919,0.2789,0.4449,0.2195,0.2407,63.566425062623,8.62838314641744,-63.566425062623,-8.62838314641744,45.1813963619604,3.84598125856364,-0.309497997291021,0.230557180616851,NA,NA
"98","p",0.2701,0.2841,0.3693,0.8104,0.3937,0.4915,47.8116762853524,7.2045276635514,47.8116762853524,7.2045276635514,34.6081985346444,1.66536197225367,0.16042909249226,0.536963489267446,NA,NA
"99","p",0.0986,0.2678,0.4805,0.4695,0.1554,0.1998,69.8516142664913,7.19638514018692,69.8516142664913,7.19638514018692,21.0401861842977,3.60498901903454,0.0975367627708976,0.700922244934672,NA,NA
"100","p",0.4686,0.5748,0.6903,0.5435,0.6415,0.5395,32.2612873754997,3.70956196261682,32.2612873754997,3.70956196261682,9.31351256101907,3.48255950161224,0.0694672407120741,0.790203238108702,NA,NA
"101","p",0.5297,0.8515,0.9218,0.6453,0.7013,0.6344,25.1345114302448,1.14330750778816,25.1345114302448,1.14330750778816,2.35043951038793,2.25156766044973,0.0834700812693496,0.725403945766568,NA,NA
"102","p",0.2031,0.123,0.1419,0.5811,0.3001,0.3447,53.3069972917766,9.85381367601246,53.3069972917766,9.85381367601246,78.3730451387288,2.65052611438042,0.296052815402476,0.232792602428099,NA,NA
"103","p",0.4342,0.8301,0.9552,0.8307,0.595,0.656,33.1652795833525,1.3951384423676,33.1652795833525,1.3951384423676,1.77352173788538,1.44990480367032,-0.0496308397832816,0.844426742846378,NA,NA
"104","p",0.9401,0.7821,0.772,0.7444,0.8884,0.9076,3.43836497273725,1.89108196261682,-3.43836497273725,-1.89108196261682,6.7093870898172,2.09929026863363,-0.238613991873064,0.360486092703315,NA,NA
"105","p",0.5397,0.6375,0.8181,0.8635,0.7149,0.756,25.3811781433188,2.92748130841122,-25.3811781433188,-2.92748130841122,4.8849622985657,1.22943064566475,-0.202268962848297,0.416256145594239,NA,NA
"106","p",0.7089,0.799,0.9198,0.7847,0.8587,0.8132,15.153408703843,1.5566215576324,15.153408703843,1.5566215576324,2.29448619311155,1.48843698331221,0.164023115325077,0.489606240081214,NA,NA
"107","p",0.2847,0.9515,0.4945,0.1696,0.2604,0.2028,44.2334791205265,0.358631744548287,44.2334791205265,-0.358631744548287,18.9542274181541,6.22916044095735,-0.161756942724458,0.511824466821809,NA,NA
"108","p",0.0759,0.0433,0.057,0.32,0.1198,0.1376,71.2810493519696,12.3534497819315,-71.2810493519696,-12.3534497819315,116.599592004355,4.33271736651899,-0.458097401315788,0.0564052758782164,NA,NA
"109","p",0.7649,0.9467,0.9939,0.9709,0.9007,0.9293,12.0687949723595,0.437026947040499,-12.0687949723595,-0.437026947040499,0.507484553378421,0.420114803309912,0.0305132410990713,0.899410030887492,NA,NA
"110","p",0.1739,0.1787,0.2254,0.2185,0.261,0.1769,58.6441732700363,8.88250585669782,58.6441732700363,8.88250585669782,56.4893434037106,6.12278206617925,0.447828763544891,0.0807063757647862,NA,NA
"111","p",0.6889,0.7489,0.8369,0.6363,0.7979,0.7178,16.5892060283288,2.07456124610592,16.5892060283288,2.07456124610592,4.48848047615874,2.38163824930902,-0.0110549438854489,0.964992580976153,NA,NA
"112","p",0.3267,0.3054,0.3613,0.7331,0.4709,0.5234,45.018332799416,7.19511663551402,45.018332799416,7.19511663551402,37.5126307460852,2.41515742564996,0.249838008900928,0.353028699903929,NA,NA
"113","p",0.1131,0.3212,0.5499,0.4276,0.1784,0.2075,64.3736258009308,6.22729809968847,64.3736258009308,6.22729809968847,14.7725363297899,3.64407403026871,0.103973285603715,0.672805532032464,NA,NA
"114","p",0.282,0.2405,0.2838,0.4903,0.4114,0.3764,44.7460205509366,7.51398451713396,44.7460205509366,7.51398451713396,43.6469220808987,3.36949413235802,0.255620292182662,0.298998768792851,NA,NA
"115","p",0.8251,0.3718,0.173,0.2444,0.3621,0.4721,9.62262034769181,5.86183242990654,-9.62262034769181,5.86183242990654,71.0705146165176,5.65502670983072,0.164995071594427,0.52027460674448,NA,NA
"116","p",0.327,0.3977,0.5299,0.8735,0.467,0.5766,41.3596289731859,5.38029884735202,41.3596289731859,5.38029884735202,16.3199376591621,1.20515842398739,0.292565835913312,0.242801237705832,NA,NA
"117","p",0.8506,0.6686,0.6454,0.7588,0.8994,0.8786,8.26262115302339,2.85661373831776,-8.26262115302339,-2.85661373831776,11.1665791853025,1.99518733890193,-0.2167927999226,0.396049182643744,NA,NA
"118","p",0.3451,0.6252,0.8954,0.7715,0.4904,0.5557,39.8657462184002,3.15208548286604,39.8657462184002,3.15208548286604,3.13347071925731,1.75505734530741,0.0685667260061917,0.789356427368416,NA,NA
"119","p",0.2366,0.5341,0.8161,0.6491,0.3494,0.401,52.4905023835538,4.25120548286604,52.4905023835538,4.25120548286604,5.60289670656323,2.80094695020801,0.214357124613003,0.414925799177018,NA,NA
"120","p",0.6674,0.4997,0.4826,0.6231,0.7863,0.7067,17.2153143441525,4.11757919003115,17.2153143441525,4.11757919003115,18.2698304011554,2.3336960423288,0.090789970975232,0.705764210037202,NA,NA
"121","p",0.0408,0.0858,0.1762,0.293,0.0665,0.0904,86.7996289352921,11.1051617133956,86.7996289352921,11.1051617133956,67.85897202229,5.07461292511625,0.441464887770897,0.0845792596748257,NA,NA
"122","p",0.9432,0.9705,0.9608,0.8083,0.933,0.9407,3.03529568155381,0.233216448598131,-3.03529568155381,-0.233216448598131,1.70173308021109,1.70046956421972,0.122476358359133,0.627611289043044,NA,NA
"123","p",0.7851,0.9682,0.991,0.9798,0.9184,0.9447,11.4746201007019,0.255082211838006,11.4746201007019,0.255082211838006,0.650685721180908,0.415825609748682,-0.0399240828173374,0.874194239302781,NA,NA
"124","p",0.0627,0.0642,0.097,0.0293,0.0479,0.0297,77.7591030768313,11.7291447040498,77.7591030768313,11.7291447040498,98.0729467367046,10.6740325206609,0.464666282894736,0.0630039244384474,NA,NA
"125","p",0.6594,0.695,0.4362,0.3182,0.4557,0.4834,17.8207922290077,2.4241569470405,17.8207922290077,-2.4241569470405,23.2953144617096,4.64357157503863,-0.192205975232198,0.436531879442166,NA,NA
"126","p",0.1797,0.3026,0.4593,0.5391,0.2712,0.31,57.1511395235852,6.76874940809969,57.1511395235852,6.76874940809969,23.6454252927045,3.12464979851282,0.181864686532507,0.474241685253659,NA,NA
"127","p",0.4145,0.4019,0.4682,0.8285,0.5693,0.6346,33.7985496217215,5.4064746105919,33.7985496217215,5.4064746105919,21.2047691128248,1.37025603813413,0.140402389705882,0.580871466719253,NA,NA
"128","p",0.7669,0.9969,0.8768,0.5732,0.7386,0.7281,12.5571702236297,0.0284277258566974,12.5571702236297,0.0284277258566974,3.60971537897098,2.89830088687398,-0.095116942724458,0.70809671186756,NA,NA
"129","p",0.1792,0.1248,0.1477,0.3869,0.2685,0.2496,57.4976606871816,10.2248200623053,57.4976606871816,10.2248200623053,83.0227429513858,4.24999102338329,0.258835967492259,0.313224814924342,NA,NA
"130","p",0.5498,0.7116,0.8429,0.6007,0.7219,0.6241,24.0024911847676,2.28829299065421,24.0024911847676,2.28829299065421,3.99862071322146,2.56189703219368,0.11436340750774,0.632924073365032,NA,NA
"131","p",0.8942,0.3968,0.2555,0.2046,0.3046,0.4491,5.6745910030797,5.28498716510903,5.6745910030797,5.28498716510903,44.912264998506,5.46594775228204,0.0653826857585139,0.7862100912248,NA,NA
"132","p",0.9043,0.9486,0.926,0.6458,0.8028,0.8328,5.09536762736909,0.441096386292836,5.09536762736909,0.441096386292836,2.41620868899929,2.38416352026713,-0.0248793421052631,0.923878299656909,NA,NA
"133","p",0.228,0.8514,0.6899,0.3104,0.3419,0.2605,52.4442295734785,1.29465367601246,52.4442295734785,1.29465367601246,9.43364923601793,5.21372951211716,-0.00797666989164086,0.975524074349883,NA,NA
"134","p",0.8009,0.6419,0.4493,0.6794,0.8352,0.8048,10.4953395839451,3.08244261682243,10.4953395839451,-3.08244261682243,23.73389538616,2.24295161089284,-0.0195472465170278,0.938476865498183,NA,NA
"135","p",0.4681,0.6339,0.2812,0.1022,0.1592,0.1991,30.8181566226045,3.06404380062305,-30.8181566226045,3.06404380062305,44.3867203104493,7.86686846375192,0.253810810758513,0.310808539837206,NA,NA
"136","p",0.1159,0.096,0.1278,0.274,0.1824,0.1587,67.0518811089194,10.832962834891,67.0518811089194,10.832962834891,85.7826739881556,5.3048088875703,0.442698573916408,0.0792453148425202,NA,NA
"137","p",0.9634,0.562,0.4434,0.6318,0.7955,0.8525,2.15060113814612,3.83049591900311,-2.15060113814612,-3.83049591900311,24.4657411736411,2.46453107524216,-0.238566232585139,0.346703599670181,NA,NA
"138","p",0.8149,0.7955,0.9223,0.9511,0.9373,0.9463,9.72883080691432,1.62900031152648,9.72883080691432,1.62900031152648,2.60286313140022,0.716988511320813,-0.0516753966718265,0.833659169671062,NA,NA
"139","p",0.9946,0.5775,0.4548,0.773,0.9125,0.9453,0.304746094643524,3.76347342679128,0.304746094643524,-3.76347342679128,24.8518060207646,2.01329940413004,-0.372323622291021,0.153901659092403,NA,NA
"140","p",0.0497,0.3201,0.6144,0.1442,0.0789,0.0698,78.6795565442309,6.01628445482866,78.6795565442309,6.01628445482866,10.5375835884258,6.3016149810444,0.134419907120743,0.573950003082212,NA,NA
"141","p",0.1265,0.0395,0.0354,0.2636,0.1983,0.1666,59.6965845336755,12.4070807788162,59.6965845336755,12.4070807788162,136.401237425995,4.61957521806051,0.503212254256965,0.0331874963654195,NA,NA
"142","p",0.8107,0.614,0.4239,0.5865,0.7512,0.7538,10.0058148174687,3.26566940809969,-10.0058148174687,3.26566940809969,25.9947763610808,2.63786202677007,0.281731215170278,0.262807208242574,NA,NA
"143","p",0.6313,0.2331,0.1566,0.1741,0.265,0.3306,20.7136712378635,7.83301853582555,20.7136712378635,7.83301853582555,78.1772807479214,6.90002292273542,0.185116414473684,0.475574553603936,NA,NA
"144","p",0.7818,0.4517,0.3615,0.4434,0.6086,0.6392,11.8266446364319,4.91912386292835,-11.8266446364319,-4.91912386292835,32.9195325160409,3.92302290967614,-0.322098370743033,0.20688261329009,NA,NA
"145","p",0.1043,0.0166,0.0115,0.071,0.1109,0.069,68.3053696467027,15.7900568847352,-68.3053696467027,-15.7900568847352,238.667920102394,9.14992474311924,-0.67089545859133,0.00803393726914669,NA,NA
"146","p",0.5546,0.4511,0.4512,0.4695,0.6411,0.5452,25.9679930660712,4.96398130841122,-25.9679930660712,-4.96398130841122,23.5720892261788,3.81400614403096,-0.0278363951238388,0.913489304411191,NA,NA
"147","p",0.8174,0.9132,0.8884,0.955,0.9385,0.9474,9.43808377427684,0.694807040498443,-9.43808377427684,0.694807040498443,3.02236564940412,0.642238651166944,-0.072644015092879,0.765403782981128,NA,NA
"148","p",0.159,0.4258,0.6749,0.4118,0.2429,0.2428,59.0665929715488,5.10318152647975,59.0665929715488,5.10318152647975,9.12715558374593,3.89366604275685,0.220568357198142,0.372190392525014,NA,NA
"149","p",0.5833,0.3581,0.293,0.1466,0.2261,0.2867,23.5836096120684,6.06335442367601,23.5836096120684,6.06335442367601,43.2622354030205,7.23348624505106,0.114483544891641,0.655201125174415,NA,NA
"150","p",0.7754,0.2741,0.1706,0.4703,0.6391,0.661,11.6542534631865,6.85789401869159,11.6542534631865,6.85789401869159,64.9156387544017,3.31439678963868,0.247814703947368,0.308066349076989,NA,NA
"151","p",0.7653,0.9723,0.8284,0.5202,0.6946,0.6922,12.0832558959694,0.217804454828661,12.0832558959694,-0.217804454828661,4.34502783489991,3.085163666487,-0.110838084365325,0.64554650588841,NA,NA
"152","p",0.259,0.3984,0.5675,0.7477,0.3831,0.4627,48.9263171235189,5.64627186915888,48.9263171235189,5.64627186915888,15.7082424624034,2.08827881054922,0.301942691563467,0.242296280092265,NA,NA
"153","p",0.0217,0.0871,0.2106,0.044,0.0355,0.0226,91.8510246052547,10.3623591900312,91.8510246052547,10.3623591900312,52.3771263658832,8.45145839323532,0.39722136609907,0.0930618700898708,NA,NA
"154","p",0.0035,0.011,0.0318,0.0176,0.006,0.0047,116.428521237003,15.9808851090343,116.428521237003,15.9808851090343,155.433220276656,11.4332862307405,0.421814514318884,0.0847198223051874,NA,NA
"155","p",0.1155,0.0941,0.1242,0.4392,0.1828,0.2126,64.3220749013365,10.4599544859813,-64.3220749013365,-10.4599544859813,79.1920541849195,3.64202002698172,-0.355522894736841,0.144053000228591,NA,NA
"156","p",0.0932,0.1528,0.2493,0.3958,0.1456,0.1728,68.3860525293122,9.01441738317757,68.3860525293122,9.01441738317757,47.1488072420628,3.88182251168962,0.335332291021671,0.170822089188899,NA,NA
"157","p",0.0065,0.0349,0.115,0.06,0.0106,0.0119,114.3373077288,13.4626542990654,114.3373077288,13.4626542990654,89.2369798443577,8.89296829887232,0.515990886222909,0.0363264248469958,NA,NA
"158","p",0.9943,0.6234,0.5198,0.8728,0.968,0.9788,0.261080532271301,3.30260626168224,-0.261080532271301,3.30260626168224,18.9698644277642,1.38562305589855,0.0834012074303403,0.745766017907427,NA,NA
"159","p",0.4517,0.7792,0.4228,0.3082,0.4362,0.3796,31.6496327931115,1.80846433021807,31.6496327931115,-1.80846433021807,25.2372907712767,4.85500008863922,-0.103795284442724,0.682996800714806,NA,NA
"160","p",0.3349,0.3739,0.4765,0.8689,0.4826,0.5831,39.4024299727488,5.50864526479751,-39.4024299727488,-5.50864526479751,18.7381243868668,1.19899146668342,-0.267577747678018,0.265093045774948,NA,NA
"161","p",0.4469,0.6107,0.7771,0.6178,0.6074,0.5638,30.8139027238019,3.17891757009346,-30.8139027238019,-3.17891757009346,5.8385717451429,2.43079305254168,-0.0400970955882351,0.86923731989516,NA,NA
"162","p",0.4909,0.4455,0.5008,0.9488,0.6624,0.7525,27.7232613855721,4.79723476635514,-27.7232613855721,-4.79723476635514,17.6171522710137,0.712009957574581,-0.201738738390092,0.396073984380613,NA,NA
"163","p",0.8693,0.63,0.4717,0.7681,0.9052,0.8913,6.71041745228982,3.11625542056075,6.71041745228982,-3.11625542056075,21.1229808876816,1.65653467666278,-0.121004483359133,0.625728379539915,NA,NA
"164","p",0.6902,0.3116,0.2354,0.6644,0.8303,0.7508,17.3184054535141,6.5092261682243,17.3184054535141,6.5092261682243,51.5833266973102,2.45917176693196,0.159482948916408,0.522137637628595,NA,NA
"165","p",0.3895,0.1605,0.1358,0.5531,0.5408,0.4874,36.976400413628,9.33828448598131,36.976400413628,9.33828448598131,87.705667390528,3.05397007510021,0.216004046052631,0.399638820646305,NA,NA
"166","p",0.2495,0.1096,0.1011,0.3094,0.37,0.2678,48.6890379124285,10.4055092834891,48.6890379124285,10.4055092834891,99.5243557005097,4.96001281648824,0.359421731811145,0.15535555336383,NA,NA
"167","p",0.1576,0.7124,0.7791,0.2679,0.2381,0.1908,57.7452809080462,2.41341987538941,-57.7452809080462,-2.41341987538941,5.80560593027395,4.78575284826883,-0.0898497581269348,0.713831283457239,NA,NA
"168","p",0.0807,0.0144,0.0115,0.1516,0.1319,0.0918,69.1284242145364,14.8118215576324,-69.1284242145364,-14.8118215576324,198.170903055667,6.20086623337481,-0.530776174535602,0.0264913453333825,NA,NA
"169","p",0.8917,0.7304,0.7863,0.9815,0.9722,0.9782,5.75689334566149,2.16937261682243,5.75689334566149,2.16937261682243,5.8403722422637,0.379408090957178,0.0618996188080494,0.805616909317703,NA,NA
"170","p",0.2651,0.6135,0.8234,0.3655,0.3916,0.3094,46.9649799961801,3.24199239875389,46.9649799961801,3.24199239875389,4.85868568669258,4.24802686752764,0.13642251741486,0.587316152268512,NA,NA
"171","p",0.2608,0.2725,0.3435,0.6965,0.3803,0.4397,46.0738482365983,7.0099346105919,46.0738482365983,7.0099346105919,33.6314033759046,2.09336647614316,0.173192465170278,0.481997295254129,NA,NA
"172","p",0.6006,0.5958,0.7012,0.9746,0.7714,0.8417,21.5740698211679,3.43654133956386,21.5740698211679,3.43654133956386,8.43710013553155,0.459128595447402,0.0652016660216717,0.791349072545723,NA,NA
"173","p",0.885,0.7507,0.734,0.6212,0.7895,0.8166,5.85395805785816,2.05848947040498,5.85395805785816,2.05848947040498,7.37669795884337,2.5882432634561,9.95820433436244e-05,0.999687088918822,NA,NA
"174","p",0.9792,0.9025,0.9447,0.8729,0.9693,0.9766,1.12183712332284,0.749475514018692,-1.12183712332284,-0.749475514018692,1.99350995914665,1.24305609142964,-0.0487700212848296,0.84597964316988,NA,NA
"175","p",0.2709,0.5084,0.7711,0.8049,0.3956,0.4917,48.8668804355508,4.4886315576324,48.8668804355508,4.4886315576324,6.81513311543086,1.83907966609013,0.142394125386997,0.587766051966434,NA,NA
"176","p",0.2492,0.2446,0.3078,0.6707,0.3551,0.4189,49.8256294401965,7.78401579439252,49.8256294401965,7.78401579439252,42.2753372713653,2.20333881512989,0.0872535603715167,0.739151958813506,NA,NA
"177","p",0.9104,0.7814,0.831,0.8606,0.9586,0.9471,4.76190384854477,1.67637457943925,-4.76190384854477,-1.67637457943925,4.37556391223392,1.19688457100489,-0.00886076238390085,0.971837929549395,NA,NA
"178","p",0.6499,0.8415,0.993,0.9727,0.8106,0.8668,18.1848915522346,1.18743358255452,18.1848915522346,1.18743358255452,0.496649898426038,0.449637044480793,0.0753921691176468,0.756355722537401,NA,NA
"179","p",0.1163,0.3713,0.6113,0.2773,0.1792,0.1615,68.7309632210163,6.02160024922118,68.7309632210163,6.02160024922118,13.2126445287749,5.55388068466406,0.0216286029411765,0.934127890320645,NA,NA
"180","p",0.2169,0.2736,0.385,0.6301,0.3141,0.3674,49.1064354257524,6.76380127725857,49.1064354257524,6.76380127725857,28.1156112779488,2.19802822345535,0.23546965363777,0.327768022616442,NA,NA
"181","p",0.5844,0.6323,0.7779,0.9626,0.757,0.8248,23.240725659814,3.07910551401869,-23.240725659814,-3.07910551401869,5.69060096548404,0.605423041729341,-0.0819383649380803,0.739386453447817,NA,NA
"182","p",0.5758,0.8326,0.968,0.8364,0.7475,0.7647,24.0088247946953,1.40038451713396,-24.0088247946953,-1.40038451713396,1.56148833405637,1.5601182543622,-0.0229474671052631,0.928938531079359,NA,NA
"183","p",0.071,0.0413,0.0556,0.1473,0.1092,0.085,76.9094826040955,13.1762680062305,-76.9094826040955,-13.1762680062305,133.04810729259,6.73210279975033,-0.541717925696593,0.0324003237505174,NA,NA
"184","p",0.7421,0.611,0.626,0.8217,0.8799,0.8454,13.8055804459131,3.30326445482866,13.8055804459131,3.30326445482866,11.6167452933155,1.35779325009647,0.0303887016253869,0.902906298019198,NA,NA
"185","p",0.8564,0.6845,0.7111,0.9808,0.9577,0.9696,7.58293166712646,2.55573900311527,7.58293166712646,2.55573900311527,7.64910340765026,0.376738886200132,0.0694867434210525,0.770191616148496,NA,NA
"186","p",0.187,0.1421,0.1723,0.416,0.2775,0.2697,56.0415990545164,9.45425224299066,56.0415990545164,9.45425224299066,67.8929735729754,3.83274960997576,0.405445977167182,0.107759053953151,NA,NA
"187","p",0.8816,0.806,0.9024,0.9671,0.9682,0.9716,5.66031110994895,1.44843252336449,5.66031110994895,1.44843252336449,2.45904258450539,0.408414645667797,0.00819189241486065,0.971555105678271,NA,NA
"188","p",0.0293,0.0181,0.028,0.1187,0.0485,0.0451,93.2732579727903,15.5892892211838,93.2732579727903,15.5892892211838,180.385993262811,7.80801780732559,0.561236913699689,0.0288532920023296,NA,NA
"189","p",0.0312,0.0419,0.0776,0.0998,0.0497,0.0435,87.0726218717888,12.6387856386293,87.0726218717888,12.6387856386293,104.450560525765,7.56233127503505,0.516885717879256,0.0298615179224791,NA,NA
"190","p",0.5785,0.097,0.0467,0.2911,0.4215,0.4232,24.2776065695371,11.1721677570093,24.2776065695371,11.1721677570093,159.587960818215,5.48684588841375,0.402241079721361,0.127773077566255,NA,NA
"191","p",0.4395,0.5435,0.6788,0.7006,0.6049,0.5998,32.4600691633,3.91088909657321,32.4600691633,3.91088909657321,9.30783211335495,2.25246843400625,0.112779361455108,0.654160923883088,NA,NA
"192","p",0.4072,0.5013,0.6514,0.7941,0.5633,0.6173,35.4626251769204,4.27927576323988,35.4626251769204,4.27927576323988,10.178059918411,1.70528431085312,0.17916594620743,0.478094812560831,NA,NA
"193","p",0.8702,0.8533,0.9641,0.9574,0.9643,0.9692,7.06237726979623,1.17122093457944,-7.06237726979623,-1.17122093457944,1.6391521456282,0.674604145122334,-0.20925104489164,0.401825185518805,NA,NA
"194","p",0.7021,0.1291,0.0518,0.0346,0.0552,0.1369,14.9444052681514,9.08700320872274,-14.9444052681514,-9.08700320872274,117.796462043029,8.91938865870835,-0.386121743421052,0.0951712644480941,NA,NA
"195","p",0.2701,0.6014,0.75,0.2188,0.3272,0.2305,43.6232287647375,3.12154604361371,43.6232287647375,3.12154604361371,5.87810999921025,5.13190579561935,0.189920998452012,0.421585787111592,NA,NA
"196","p",0.4163,0.8907,0.8651,0.6983,0.5768,0.5848,34.3234653086877,0.894091993769471,-34.3234653086877,-0.894091993769471,3.86610549034526,2.21431018225321,-0.148955065789473,0.552309388940263,NA,NA
"197","p",0.1165,0.0412,0.0391,0.1023,0.1596,0.0921,62.6826966902679,12.5866786292835,62.6826966902679,12.5866786292835,139.268491344033,7.11144798799796,0.473546073916407,0.0492389814183241,NA,NA
"198","p",0.8579,0.8565,0.8387,0.9722,0.9591,0.9696,6.95420421119646,1.12336591900312,-6.95420421119646,1.12336591900312,4.10754453149499,0.459977822221096,0.056326060371517,0.81504451954096,NA,NA
"199","p",0.4774,0.5224,0.6119,0.6972,0.6432,0.6244,29.5265104158289,4.08082246105919,-29.5265104158289,-4.08082246105919,11.5833571822303,2.10939352487368,-0.243207716718266,0.325784750358831,NA,NA
"200","p",0.5853,0.1042,0.0497,0.2595,0.3842,0.4018,24.663147933031,10.9636732398754,-24.663147933031,-10.9636732398754,152.786760142289,5.82145834205506,-0.478702989551082,0.0695134655700123,NA,NA
