"","X","pLW","pLU","pQU","pQH","pMin","pFisher","SW","SL","SWwin","SLwin","SC","SQ","CMCBeta","pBeta","muBk","muPk"
"1","p",0.7216,0.7513,0.8419,0.7639,0.8784,0.82,15.2144404978239,0.925607788161994,15.2144404978239,0.925607788161994,2.41554322298613,2.34134401603839,0.163852587301587,0.68394905596473,NA,NA
"2","p",0.3128,0.3127,0.7717,0.8429,0.4566,0.5529,42.9900293595812,2.91738137071651,-42.9900293595812,-2.91738137071651,3.02033015890626,1.81802587908339,-0.330531206349207,0.417064791553139,NA,NA
"3","p",0.6029,0.7008,0.8759,0.8001,0.7798,0.7697,23.2033467853447,1.16167096573209,23.2033467853447,1.16167096573209,2.23806148082523,2.19359578589405,0.19017407936508,0.642791910306709,NA,NA
"4","p",0.5684,0.4702,0.6613,0.7802,0.744,0.7376,24.8381381005037,2.15262672897196,-24.8381381005037,-2.15262672897196,4.21914307755287,2.43040190459954,-0.208693682539683,0.613112324942582,NA,NA
"5","p",0.3804,0.4554,0.5979,0.4249,0.5425,0.4186,40.1920731289855,2.31454806853583,40.1920731289855,2.31454806853583,4.93206911581586,4.93102858501208,0.324661253968255,0.437341781701715,NA,NA
"6","p",0.554,0.5857,0.3318,0.4566,0.6303,0.5413,24.8232170719461,1.54412476635514,-24.8232170719461,-1.54412476635514,7.28141388252671,4.26759213887008,-0.162922873015873,0.681098337517191,NA,NA
"7","p",0.7519,0.7665,0.8311,0.7749,0.9049,0.8499,13.7819228119237,0.885708504672897,-13.7819228119237,-0.885708504672897,2.79136261054147,2.48637680213954,-0.147010746031746,0.719390409790269,NA,NA
"8","p",0.5731,0.7688,0.4563,0.3495,0.507,0.472,24.3489451868339,0.88138507788162,24.3489451868339,0.88138507788162,6.01573208953184,5.33788469135892,0.264986603174604,0.512038533974728,NA,NA
"9","p",0.5965,0.5694,0.7979,0.8965,0.7777,0.8121,23.3970254412046,1.68116352024922,23.3970254412046,1.68116352024922,2.96205394537842,1.57800443971583,0.302015412698413,0.471178408485698,NA,NA
"10","p",0.7239,0.6615,0.4302,0.5039,0.6834,0.6662,14.2299658790135,1.20956641744548,-14.2299658790135,-1.20956641744548,5.8400379041024,3.82578546451939,-0.176584174603175,0.650134771190088,NA,NA
"11","p",0.8618,0.7703,0.683,0.6393,0.8151,0.8235,7.71568315353277,0.891420373831776,-7.71568315353277,-0.891420373831776,4.1187117283575,3.40117497225384,-0.0638251904761904,0.879665759941671,NA,NA
"12","p",0.7461,0.9705,0.5623,0.5897,0.7669,0.7327,14.1919214488519,0.107691090342679,-14.1919214488519,-0.107691090342679,5.19584818883734,3.73343883710057,-0.172217507936508,0.681444066149226,NA,NA
"13","p",0.6282,0.5743,0.9204,0.9446,0.8006,0.8523,21.3131853684907,1.67409417445483,-21.3131853684907,-1.67409417445483,1.82886590145071,1.10970626040563,-0.0984811269841272,0.8124013705174,NA,NA
"14","p",0.7804,0.6309,0.3417,0.2961,0.4317,0.5091,11.7852278462793,1.36754691588785,-11.7852278462793,-1.36754691588785,7.36427083195993,5.89092285714891,-0.123720666666667,0.762266989300204,NA,NA
"15","p",0.4074,0.6176,0.2389,0.2532,0.3849,0.3212,35.8047094792964,1.47002672897196,35.8047094792964,1.47002672897196,9.30636709250053,6.56441298728702,0.38207953968254,0.354425088116286,NA,NA
"16","p",0.9591,0.9203,0.1454,0.065,0.1083,0.2397,2.09229393156593,0.288323738317757,2.09229393156593,-0.288323738317757,11.065677842991,10.4080952502702,0.016019126984127,0.968191806337956,NA,NA
"17","p",0.1395,0.1395,0.1375,0.1073,0.1685,0.1021,65.1083012996678,4.45816937694704,-65.1083012996678,-4.45816937694704,12.0835743904658,9.53471600958849,-0.572042047619049,0.168190955511803,NA,NA
"18","p",0.7018,0.5992,0.0726,0.1286,0.2027,0.2929,15.8448470458533,1.48796975077882,-15.8448470458533,-1.48796975077882,13.1978429473775,7.84133680465124,-0.187610269841271,0.633439595524353,NA,NA
"19","p",0.2595,0.3577,0.366,0.3895,0.3917,0.3141,48.4119113144223,2.70569152647975,-48.4119113144223,-2.70569152647975,7.20794655583199,5.12861619349436,-0.562742095238096,0.170120783241568,NA,NA
"20","p",0.756,0.7467,0.5457,0.4409,0.6126,0.6318,14.1821346663298,1.00359171339564,-14.1821346663298,-1.00359171339564,5.43577847448208,4.93609196627609,-0.239035095238096,0.571921692753096,NA,NA
"21","p",0.721,0.7626,0.853,0.7949,0.8745,0.8368,16.203204314314,0.946359626168225,16.203204314314,0.946359626168225,2.62418828715376,2.34928873132342,0.0704394285714285,0.867160990344822,NA,NA
"22","p",0.2038,0.1028,0.0187,0.0438,0.0741,0.073,53.9959951629198,4.79944894080997,53.9959951629198,4.79944894080997,20.5311328134591,11.172883654198,0.342961777777779,0.399560012096972,NA,NA
"23","p",0.0775,0.0481,0.0209,0.0424,0.0713,0.0421,75.0290498055103,5.75096763239875,-75.0290498055103,-5.75096763239875,19.6087103039383,11.0689058444847,-0.594771650793652,0.136344252389526,NA,NA
"24","p",0.9586,0.9307,0.8062,0.7598,0.9066,0.9292,2.42079466777322,0.235280373831776,2.42079466777322,-0.235280373831776,2.86741499624161,2.45973466296806,-0.105859206349206,0.796328588512973,NA,NA
"25","p",0.3319,0.3608,0.7117,0.652,0.4805,0.4891,40.0632862298682,2.57450654205608,40.0632862298682,2.57450654205608,3.51224743479652,3.00459739810246,0.515311253968255,0.196366207773822,NA,NA
"26","p",0.4428,0.3611,0.0461,0.0516,0.0858,0.131,31.1033484438857,2.51620109034268,-31.1033484438857,-2.51620109034268,15.3043747003168,10.5496607206501,-0.175656793650794,0.649721211007215,NA,NA
"27","p",0.9063,0.5602,0.045,0.0581,0.0948,0.2134,5.30596522930169,1.75636710280374,5.30596522930169,1.75636710280374,17.4689852866177,11.2561476369898,0.0273377142857141,0.948394089172622,NA,NA
"28","p",0.1848,0.2207,0.6419,0.6721,0.2825,0.3557,60.0249020515823,3.78575230529595,-60.0249020515823,-3.78575230529595,4.76320116762514,3.37077654071328,-0.561987142857144,0.188466653546555,NA,NA
"29","p",0.5808,0.7437,0.8564,0.8314,0.7601,0.7725,24.3059570704631,0.987064267912772,-24.3059570704631,-0.987064267912772,2.65037825846983,2.20488795459788,-0.322334603174604,0.447156820348232,NA,NA
"30","p",0.3386,0.3197,0.1154,0.0529,0.0884,0.1147,42.0515258892906,2.99940856697819,-42.0515258892906,-2.99940856697819,13.1570153512087,11.6887912421936,-0.366015492063493,0.378908221143813,NA,NA
"31","p",0.9138,0.8946,0.8371,0.7523,0.8991,0.9066,4.86219462824054,0.400938504672897,-4.86219462824054,-0.400938504672897,2.64515908836484,2.57401591413916,-0.22791973015873,0.58993167833337,NA,NA
"32","p",0.1124,0.1872,0.3424,0.2413,0.1793,0.1426,68.6937600578752,3.92286890965732,68.6937600578752,3.92286890965732,7.49597153647908,6.58438618594928,0.62678715873016,0.123904093510356,NA,NA
"33","p",0.9397,0.9082,0.9931,0.9939,0.99,0.9937,3.3114843171709,0.355071121495327,-3.3114843171709,-0.355071121495327,0.557815322323094,0.437560339970786,-0.0816426190476191,0.844142695042058,NA,NA
"34","p",0.9828,0.9042,0.9081,0.9209,0.9863,0.9882,0.891106298122113,0.34468214953271,-0.891106298122113,0.34468214953271,1.74075204642038,1.20413586464556,-0.11022473015873,0.792129638416228,NA,NA
"35","p",0.454,0.3377,0.3242,0.5089,0.6273,0.5142,33.2659511756655,2.93432672897196,-33.2659511756655,-2.93432672897196,8.36998861154352,4.49444002045554,-0.39743488888889,0.34914724772244,NA,NA
"36","p",0.6899,0.6472,0.6992,0.6249,0.7974,0.7246,16.9104999025255,1.31605442367601,16.9104999025255,1.31605442367601,3.90864430482893,3.38182172757778,0.00026341269841256,0.999494428260336,NA,NA
"37","p",0.0537,0.0502,0.2258,0.3547,0.0877,0.1172,86.7852656245193,6.03708551401869,86.7852656245193,6.03708551401869,10.2048958991293,5.94983953929981,0.754610174603176,0.0746878498970601,NA,NA
"38","p",0.3364,0.5133,0.4368,0.3411,0.4831,0.3388,42.4467703871293,1.95334560747664,42.4467703871293,1.95334560747664,6.5316451935736,5.72829429881054,0.630411333333334,0.130578375976205,NA,NA
"39","p",0.8602,0.6873,0.4579,0.5096,0.6903,0.7365,6.93435396285468,1.09523866043614,6.93435396285468,1.09523866043614,5.47440474535005,3.73283037168273,-0.0021076825396827,0.995682317039448,NA,NA
"40","p",0.0076,0.0051,0.0317,0.0632,0.0133,0.0133,114.991056107006,8.11471230529595,-114.991056107006,-8.11471230529595,19.5550316314008,10.8719624140875,-1.14102698412699,0.00526134550308303,NA,NA
"41","p",0.6207,0.6509,0.2193,0.1148,0.1822,0.2526,22.6393101882035,1.39868710280374,22.6393101882035,1.39868710280374,10.6230193816439,9.80430639745538,0.302263174603175,0.483745192005248,NA,NA
"42","p",0.7509,0.7848,0.8996,0.8594,0.9023,0.8847,12.9746922755943,0.742168753894081,-12.9746922755943,-0.742168753894081,1.69130934288114,1.54968402217612,-0.152255238095238,0.695815877437341,NA,NA
"43","p",0.3678,0.4418,0.6744,0.5311,0.5317,0.4681,38.225599163394,2.22821582554517,38.225599163394,2.22821582554517,3.95710469117999,3.89785486486216,0.461016777777778,0.248603832635533,NA,NA
"44","p",0.9585,0.9304,0.6346,0.5361,0.7143,0.7959,2.08108479885454,0.245219408099689,2.08108479885454,-0.245219408099689,4.04879644230637,3.64819370606395,0.0384407460317461,0.922495971159975,NA,NA
"45","p",0.7728,0.9111,0.8072,0.7675,0.914,0.8537,12.2537701301473,0.311717819314642,12.2537701301473,0.311717819314642,2.76796977331259,2.3327725819084,0.145495904761905,0.714519630279594,NA,NA
"46","p",0.9626,0.9707,0.7545,0.7848,0.9203,0.9403,2.1270790256887,0.105305856697819,-2.1270790256887,0.105305856697819,3.26973598508516,2.26519924388627,-0.236866333333334,0.572220809769266,NA,NA
"47","p",0.2971,0.2132,0.2064,0.3954,0.4351,0.3446,43.5503898908729,3.53491507788162,43.5503898908729,3.53491507788162,9.12277570330723,4.6393022563206,0.376640253968254,0.338375189340368,NA,NA
"48","p",0.6177,0.5204,0.7625,0.8544,0.797,0.8079,21.4258213177276,1.88690264797508,-21.4258213177276,-1.88690264797508,3.24913001292968,1.84335176323484,-0.288687841269842,0.470874694117484,NA,NA
"49","p",0.8451,0.8329,0.8437,0.7672,0.9121,0.8859,8.80308616577593,0.65339707165109,-8.80308616577593,-0.65339707165109,2.79893709811288,2.67061059490763,0.0508467777777779,0.90544720187377,NA,NA
"50","p",0.2294,0.1348,0.072,0.1742,0.2644,0.1832,50.6371382523588,4.29576236760125,-50.6371382523588,-4.29576236760125,14.4516682390252,7.39446494107353,-0.527176000000001,0.188940229071556,NA,NA
"51","p",0.1468,0.1772,0.3507,0.2574,0.2331,0.1779,62.2573884086607,3.98384109034268,62.2573884086607,3.98384109034268,7.23004217726195,6.28886022800104,0.560452571428572,0.166358300333752,NA,NA
"52","p",0.147,0.0657,0.0114,0.0332,0.0557,0.0552,60.3908658509772,5.23015292834891,-60.3908658509772,-5.23015292834891,21.8496116273824,11.384087086493,-0.57042688888889,0.150666095690782,NA,NA
"53","p",0.0602,0.0534,0.0886,0.1571,0.0982,0.0772,82.4546424646242,5.78628735202492,82.4546424646242,5.78628735202492,14.0829218745069,8.27698901293349,0.756963714285716,0.0707357262706738,NA,NA
"54","p",0.5536,0.4642,0.5879,0.6525,0.7402,0.6671,24.0954958306334,2.04443224299065,-24.0954958306334,-2.04443224299065,4.42328953747462,2.92355955711531,-0.185247412698413,0.633405971207742,NA,NA
"55","p",0.8017,0.6357,0.3945,0.4374,0.6047,0.6462,11.0508605770372,1.3928069470405,11.0508605770372,1.3928069470405,6.53035257708963,4.45991564496268,0.100063238095238,0.806577927809907,NA,NA
"56","p",0.3701,0.4371,0.8068,0.8103,0.5306,0.5963,38.770076860815,2.29963283489097,38.770076860815,2.29963283489097,2.95336014177782,2.24383392814831,0.291692603174604,0.475680801715568,NA,NA
"57","p",0.2646,0.2156,0.4893,0.675,0.3931,0.4397,47.976166647207,3.64101647975078,-47.976166647207,-3.64101647975078,5.6471358404482,2.91221819376013,-0.229647206349207,0.575145956343183,NA,NA
"58","p",0.1024,0.0647,0.0603,0.1504,0.1625,0.1064,72.0435218655566,5.63759520249221,-72.0435218655566,-5.63759520249221,16.4690697205179,8.57332848399706,-0.530055222222223,0.205730179936261,NA,NA
"59","p",0.8648,0.8916,0.0322,0.0194,0.033,0.1101,7.74189907916624,0.439426074766355,7.74189907916624,-0.439426074766355,19.3675827194698,14.4067348333141,0.221217126984127,0.59688513893693,NA,NA
"60","p",0.0478,0.0341,0.0277,0.0255,0.0455,0.023,80.4324934686024,5.77512728971963,80.4324934686024,5.77512728971963,15.3772609353972,10.4014731014484,0.620943412698414,0.109232092740228,NA,NA
"61","p",0.8145,0.6857,0.3774,0.3933,0.5571,0.6204,10.1531345348046,1.22498105919003,10.1531345348046,1.22498105919003,7.35940187995034,5.3365739627124,0.355130000000001,0.395481025031387,NA,NA
"62","p",0.7829,0.8804,0.8372,0.85,0.9206,0.8956,12.0845809274911,0.441155638629284,12.0845809274911,0.441155638629284,2.64601081008464,1.91463763090384,0.120578174603175,0.767735304276176,NA,NA
"63","p",0.6716,0.6479,0.8597,0.8259,0.8361,0.8201,18.109339966012,1.32111878504673,18.109339966012,1.32111878504673,2.24957102906545,1.94036682945419,0.132864222222222,0.741152876194432,NA,NA
"64","p",0.41,0.3566,0.2952,0.2414,0.3635,0.3126,34.3964406072369,2.60302738317757,-34.3964406072369,-2.60302738317757,7.46702472741556,6.10765461342098,-0.336672571428572,0.387093128809224,NA,NA
"65","p",0.2354,0.2212,0.2344,0.1862,0.2846,0.1903,50.3912948055752,3.56934246105919,-50.3912948055752,-3.56934246105919,8.92545676004223,7.21121926641464,-0.393005777777779,0.328530892149019,NA,NA
"66","p",0.057,0.0431,0.1151,0.2321,0.0929,0.0942,85.292768283607,6.20309520249221,-85.292768283607,-6.20309520249221,13.7906436117628,7.35406052459132,-0.821349984126985,0.0550588733412162,NA,NA
"67","p",0.315,0.2654,0.4831,0.5661,0.4642,0.4429,44.660069778687,3.34292043613707,44.660069778687,3.34292043613707,6.08255918252715,3.94565155691242,0.448428571428572,0.278635541181147,NA,NA
"68","p",0.5636,0.5859,0.2201,0.2092,0.3209,0.345,25.3127558922893,1.63589031152648,-25.3127558922893,-1.63589031152648,9.92437099538383,7.33575644711256,-0.313602730158731,0.451445804439671,NA,NA
"69","p",0.3673,0.5543,0.4782,0.3678,0.522,0.3737,38.0807806558618,1.70517012461059,38.0807806558618,1.70517012461059,5.44904953834678,4.94787194028052,0.214586698412699,0.588304518798974,NA,NA
"70","p",0.9761,0.9658,0.9209,0.9157,0.9844,0.986,1.27163853917291,0.127330218068536,1.27163853917291,-0.127330218068536,1.62243764615422,1.23585707538482,0.0839542063492064,0.838751283181301,NA,NA
"71","p",0.9373,0.9031,0.3778,0.2844,0.4199,0.557,3.29001360474165,0.36789722741433,3.29001360474165,-0.36789722741433,6.57472468943236,5.7001532329074,0.0794832063492063,0.842822408338495,NA,NA
"72","p",0.7747,0.6389,0.4067,0.502,0.6758,0.686,12.1820565463495,1.36977582554517,-12.1820565463495,-1.36977582554517,6.26214159072579,3.92463283766263,-0.145297142857143,0.719751864960109,NA,NA
"73","p",0.9914,0.9082,0.9333,0.9473,0.9936,0.9953,0.504761427817037,0.357018037383178,-0.504761427817037,-0.357018037383178,1.7382755977504,1.16041895934041,-0.0380560476190476,0.926868028425724,NA,NA
"74","p",0.5101,0.6052,0.8645,0.8264,0.6913,0.7196,29.6789261517959,1.58378127725857,29.6789261517959,1.58378127725857,2.79299621835446,2.43242203394139,0.139287253968254,0.745031750859754,NA,NA
"75","p",0.0319,0.0564,0.1251,0.055,0.0534,0.0289,97.1974413151627,5.88523598130841,97.1974413151627,5.88523598130841,13.6336562424719,12.1950261914337,0.962409095238097,0.0251522073473739,NA,NA
"76","p",0.6442,0.6477,0.9654,0.9657,0.8224,0.8731,20.8604738587303,1.42978816199377,-20.8604738587303,-1.42978816199377,1.39626522304936,1.06347541084894,-0.11629926984127,0.785795209474,NA,NA
"77","p",0.6897,0.821,0.7473,0.7811,0.8519,0.8126,18.1122361240778,0.694124267912773,-18.1122361240778,-0.694124267912773,3.59029092958011,2.46895470805065,-0.204714428571429,0.62408205178222,NA,NA
"78","p",0.9255,0.8754,0.8662,0.8534,0.9598,0.9544,4.14141092662252,0.473286604361371,4.14141092662252,0.473286604361371,2.36024988401621,1.867150470095,0.0373723492063494,0.929064804003103,NA,NA
"79","p",0.8602,0.6742,0.4091,0.4339,0.6099,0.6782,7.97956933700839,1.26089302180685,-7.97956933700839,-1.26089302180685,6.93029527389567,4.99019604161326,-0.172296158730159,0.678146311077716,NA,NA
"80","p",0.8295,0.6209,0.2222,0.2339,0.3462,0.4632,9.13586015803541,1.43456523364486,-9.13586015803541,-1.43456523364486,9.59022046981175,6.72873279072407,-0.153291,0.70621421135525,NA,NA
"81","p",0.542,0.4062,0.4027,0.5654,0.7188,0.6017,26.6712064127146,2.4746753271028,-26.6712064127146,-2.4746753271028,6.67727472651942,3.7284697784311,-0.118229952380953,0.772132837561338,NA,NA
"82","p",0.4167,0.2507,0.0341,0.0745,0.1218,0.1502,36.9210174678639,3.54658582554517,36.9210174678639,3.54658582554517,18.9594174410974,10.3965831944116,0.293329095238096,0.485048168081342,NA,NA
"83","p",0.8164,0.9889,0.6911,0.7269,0.8803,0.8497,9.85901092207014,0.0420667289719623,-9.85901092207014,-0.0420667289719623,3.43177894681268,2.37836984070997,-0.146879952380952,0.709172829900039,NA,NA
"84","p",0.2005,0.2558,0.7161,0.6084,0.3117,0.3568,57.5442250351982,3.50090102803738,-57.5442250351982,-3.50090102803738,4.14769929027706,3.87834100598729,-0.417732031746032,0.318712131257949,NA,NA
"85","p",0.5081,0.5711,0.8537,0.765,0.689,0.6948,30.4152684452084,1.76847560747664,30.4152684452084,1.76847560747664,2.87643213007734,2.81971779250414,0.387985000000001,0.371875606314033,NA,NA
"86","p",0.8098,0.6614,0.514,0.5607,0.7413,0.7484,10.6620210150552,1.32629158878505,10.6620210150552,1.32629158878505,5.88312922862706,4.06102156624828,0.0152701746031746,0.971193339239209,NA,NA
"87","p",0.2088,0.1959,0.3237,0.3459,0.3199,0.2588,55.6790091135984,3.93151666666667,-55.6790091135984,-3.93151666666667,8.02924732825555,5.57084879778328,-0.70231742857143,0.0906069693620754,NA,NA
"88","p",0.8711,0.6932,0.5474,0.6187,0.7928,0.8122,7.0132414483166,1.14489177570094,-7.0132414483166,-1.14489177570094,5.10921994437132,3.33101795811762,0.124159047619048,0.759232696814016,NA,NA
"89","p",0.6309,0.8537,0.1493,0.0762,0.1249,0.2003,21.5305778212183,0.555482523364486,21.5305778212183,0.555482523364486,11.3370627706788,10.0060446054983,0.368459841269842,0.368503152998328,NA,NA
"90","p",0.6311,0.5192,0.6077,0.7651,0.8082,0.7725,20.7658289486048,1.90734996884735,-20.7658289486048,-1.90734996884735,4.70392579202072,2.53672967771884,-0.198272936507937,0.629134416649142,NA,NA
"91","p",0.9045,0.923,0.7354,0.6546,0.8232,0.8495,5.71248864447297,0.31710199376947,-5.71248864447297,-0.31710199376947,3.96896076713541,3.56068552950911,-0.156969047619048,0.721255845648448,NA,NA
"92","p",0.2395,0.249,0.5087,0.4521,0.36,0.3262,49.5451365804942,3.32913320872274,-49.5451365804942,-3.32913320872274,5.22023009299258,4.27786517600468,-0.505329682539683,0.201720779977688,NA,NA
"93","p",0.8652,0.9271,0.6049,0.4692,0.6408,0.7019,7.7708302637717,0.29928968847352,7.7708302637717,0.29928968847352,5.10460541790844,4.84944171085055,0.0697358095238096,0.871926847202539,NA,NA
"94","p",0.6937,0.6158,0.3842,0.3149,0.4634,0.5,15.6249771080145,1.36203819314642,15.6249771080145,1.36203819314642,5.8527470331728,4.83986062163365,0.125827126984127,0.739175415084773,NA,NA
"95","p",0.6476,0.4634,0.1663,0.2495,0.3768,0.4151,20.1387532238244,2.24382442367601,20.1387532238244,2.24382442367601,11.6357803228847,7.10480894648542,0.134438015873016,0.751673900576503,NA,NA
"96","p",0.8721,0.8364,0.422,0.3751,0.5383,0.6224,7.34320384007633,0.623731090342679,7.34320384007633,0.623731090342679,6.7844990464336,5.49820556164651,0.00839711111111107,0.984234448191862,NA,NA
"97","p",0.8514,0.8993,0.8111,0.7513,0.8962,0.8759,8.30964597469927,0.379614080996885,-8.30964597469927,-0.379614080996885,2.86615316663726,2.56352022839873,-0.117339317460318,0.78363204657841,NA,NA
"98","p",0.5323,0.5526,0.8192,0.8154,0.708,0.7284,27.9300950005972,1.81554934579439,27.9300950005972,1.81554934579439,2.98625764998421,2.27977827764447,0.0546921904761905,0.89874156861685,NA,NA
"99","p",0.0622,0.0524,0.087,0.1272,0.1025,0.0701,82.4339241288642,5.83047056074766,-82.4339241288642,-5.83047056074766,14.589681064531,9.04479067611723,-0.786955238095239,0.0602480546144804,NA,NA
"100","p",0.4014,0.2514,0.0236,0.0248,0.0419,0.0807,38.6955311183137,3.60334785046729,-38.6955311183137,-3.60334785046729,20.8389808300606,13.5573272124558,-0.346394111111112,0.422190663663049,NA,NA
"101","p",0.7457,0.6398,0.4472,0.4343,0.6075,0.6254,13.8360866810062,1.32580669781931,-13.8360866810062,-1.32580669781931,5.73035471356309,4.34854921249171,-0.0497768412698413,0.89920922484532,NA,NA
"102","p",0.4489,0.3811,0.6265,0.721,0.6176,0.6151,32.9954409540108,2.59972137071651,-32.9954409540108,-2.59972137071651,4.30942791339162,2.62004398412196,-0.164417952380953,0.688904832958457,NA,NA
"103","p",0.765,0.8165,0.8623,0.875,0.9067,0.8961,13.1088136215873,0.682689563862928,13.1088136215873,0.682689563862928,2.44927835645705,1.75586391437954,0.158258031746032,0.705105385343538,NA,NA
"104","p",0.2895,0.2848,0.5374,0.575,0.4309,0.429,48.539554658646,3.33532785046729,48.539554658646,3.33532785046729,5.90685177757084,4.11405750508602,0.490949412698413,0.255033378780962,NA,NA
"105","p",0.2902,0.1587,0.0232,0.0305,0.053,0.0772,46.3275778645417,4.19931476635514,-46.3275778645417,-4.19931476635514,19.9815582034996,12.2530440153067,-0.510035968253969,0.214791894048705,NA,NA
"106","p",0.1321,0.1002,0.1046,0.1564,0.2088,0.1201,62.1056635656057,4.67008956386293,-62.1056635656057,-4.67008956386293,11.8467896559997,7.28888643389526,-0.539042158730159,0.169226401634153,NA,NA
"107","p",0.1898,0.1296,0.1174,0.1858,0.2895,0.1635,56.2733670028223,4.37931031152648,56.2733670028223,4.37931031152648,12.1372451898654,7.28092871089046,0.426319587301588,0.295516416285138,NA,NA
"108","p",0.2016,0.1894,0.6392,0.7466,0.3144,0.4045,53.6208250475804,3.72977246105919,53.6208250475804,3.72977246105919,4.18782899665251,2.47931138776192,0.449829571428572,0.25811346280107,NA,NA
"109","p",0.4606,0.6403,0.6429,0.574,0.6387,0.5602,30.9671352037905,1.36606445482866,30.9671352037905,1.36606445482866,4.12368755778768,3.54923229706598,0.390281571428572,0.327838889511869,NA,NA
"110","p",0.6889,0.4688,0.0473,0.0319,0.0532,0.1234,18.2309866808582,2.26001323987539,18.2309866808582,2.26001323987539,17.4297659285492,12.3916194075711,0.257395158730159,0.544639675119239,NA,NA
"111","p",0.954,0.9916,0.7905,0.6818,0.8463,0.884,2.61376024694854,0.0262316510903424,-2.61376024694854,-0.0262316510903424,2.94051883112309,2.90774106761556,-0.195829650793651,0.638178786386468,NA,NA
"112","p",0.3258,0.3304,0.4851,0.4009,0.4774,0.3724,46.3285448499175,3.15328654205607,-46.3285448499175,-3.15328654205607,7.02347764523765,6.00247579290681,-0.545182936507937,0.220123107292991,NA,NA
"113","p",0.2027,0.2001,0.6323,0.7242,0.3105,0.3914,54.3528737574156,3.73776573208723,-54.3528737574156,-3.73776573208723,4.29129291111874,2.65129668351249,-0.331753000000001,0.414972738341809,NA,NA
"114","p",0.616,0.4073,0.1283,0.2296,0.3482,0.3858,21.8467467479765,2.49836473520249,-21.8467467479765,-2.49836473520249,11.7193649452405,6.61814228416869,-0.17634226984127,0.665029081643577,NA,NA
"115","p",0.7155,0.7303,0.8606,0.7813,0.8779,0.8339,16.841504381506,1.08607971962617,-16.841504381506,-1.08607971962617,2.77723002935215,2.6958621570335,-0.341101158730159,0.421435856022692,NA,NA
"116","p",0.6144,0.4209,0.0952,0.0844,0.1349,0.2137,21.7717824988473,2.38511872274143,-21.7717824988473,-2.38511872274143,13.9645356781887,9.96812070862127,-0.265617730158731,0.52164925817011,NA,NA
"117","p",0.9504,0.9829,0.7494,0.7472,0.9,0.9209,2.82632126544791,0.0695349532710278,-2.82632126544791,0.0695349532710278,3.64893052000503,2.76790191704333,-0.0969407936507938,0.818572946393397,NA,NA
"118","p",0.4655,0.4263,0.406,0.3256,0.4721,0.4006,32.6808885700639,2.40656526479751,-32.6808885700639,-2.40656526479751,6.95124945533673,5.96495925434303,-0.262780634920635,0.535714700164537,NA,NA
"119","p",0.6453,0.6126,0.929,0.9341,0.816,0.857,21.3912632504071,1.59021526479751,-21.3912632504071,-1.59021526479751,1.86343376301991,1.31990373699608,-0.179872619047619,0.679207550563865,NA,NA
"120","p",0.5318,0.4829,0.1698,0.1369,0.2177,0.2606,26.275928030891,1.99578657320872,26.275928030891,1.99578657320872,9.97302263355543,7.74843256950179,0.246059952380953,0.535973049297505,NA,NA
"121","p",0.6317,0.7387,0.8402,0.7883,0.8098,0.785,21.4419133855869,1.02871647975078,21.4419133855869,1.02871647975078,2.8851214545616,2.55989011617285,0.0612122222222226,0.885275210510248,NA,NA
"122","p",0.1828,0.2067,0.4015,0.3375,0.2824,0.2338,58.9126521347587,3.81879579439252,58.9126521347587,3.81879579439252,7.07280260967732,5.84166125284014,0.562062380952382,0.177683476585208,NA,NA
"123","p",0.2502,0.3356,0.4532,0.4017,0.3774,0.3141,50.6647674017138,2.87058218068536,-50.6647674017138,-2.87058218068536,6.34132010902225,5.15523267577457,-0.54397642857143,0.191433208271964,NA,NA
"124","p",0.9122,0.9739,0.8632,0.7927,0.9265,0.9252,4.9423751905106,0.106435482866044,-4.9423751905106,-0.106435482866044,2.46034223296098,2.34268876883881,-0.0333607777777779,0.935837957538629,NA,NA
"125","p",0.0098,0.0053,0.0059,0.0094,0.016,0.0055,113.066884785278,8.32079554517134,-113.066884785278,-8.32079554517134,27.6051753945029,15.5053063419527,-1.00318282539683,0.0136481835549221,-0.427381881121814,0.00499894397803474
"126","p",0.7376,0.8168,0.8437,0.8209,0.8895,0.8587,14.8113960986907,0.711359034267913,14.8113960986907,0.711359034267913,2.70760919820809,2.22433452512746,0.143253206349207,0.733278889041945,NA,NA
"127","p",0.9489,0.9205,0.6011,0.6136,0.7889,0.8452,2.82972732290652,0.288224890965732,-2.82972732290652,0.288224890965732,4.53854086288731,3.29007448310436,-0.00137063492063483,0.997399962148137,NA,NA
"128","p",0.7244,0.6067,0.134,0.0904,0.145,0.2427,15.6839115146731,1.58054423676012,-15.6839115146731,-1.58054423676012,12.3088019115856,10.168045990353,-0.199780777777778,0.634355919393394,NA,NA
"129","p",0.8393,0.9268,0.6186,0.5412,0.7181,0.7459,8.98012617218948,0.262713582554517,-8.98012617218948,-0.262713582554517,4.71800107813293,4.11649551938569,-0.00938352380952394,0.982374727975571,NA,NA
"130","p",0.7699,0.8532,0.4935,0.3569,0.5124,0.567,12.0520755550018,0.517041962616822,-12.0520755550018,-0.517041962616822,5.34911422544012,4.9888635602889,-0.0800532698412699,0.839798646909744,NA,NA
"131","p",0.4503,0.4604,0.839,0.8648,0.619,0.6818,32.098813705108,2.13599199376947,-32.098813705108,-2.13599199376947,2.5066280767974,1.75378240659331,-0.321251412698413,0.420072044511159,NA,NA
"132","p",0.4258,0.3542,0.266,0.3684,0.5185,0.4043,35.1797628195972,2.79709221183801,-35.1797628195972,-2.79709221183801,9.18707787565342,5.41995847871281,-0.45732826984127,0.28774141071354,NA,NA
"133","p",0.1281,0.1496,0.2825,0.3003,0.2049,0.1752,69.0679127159037,4.47193137071651,-69.0679127159037,-4.47193137071651,9.24039650763243,6.52949301284359,-0.539763761904763,0.208730636314181,NA,NA
"134","p",0.7484,0.917,0.3842,0.2917,0.4238,0.4935,13.8344244284162,0.302740467289719,13.8344244284162,0.302740467289719,7.15892233367226,6.26666018801102,0.0414292063492064,0.921195042130545,NA,NA
"135","p",0.3732,0.2247,0.0495,0.0949,0.154,0.1701,39.7540700935,3.70815853582554,-39.7540700935,-3.70815853582554,16.808592362165,9.46264203903561,-0.373169444444445,0.367585352023342,NA,NA
"136","p",0.9339,0.8827,0.3728,0.2278,0.353,0.4953,3.99347094868237,0.477498006230529,-3.99347094868237,-0.477498006230529,7.50680155737778,7.11787734077222,-0.117805253968254,0.778116692964202,NA,NA
"137","p",0.9243,0.7228,0.388,0.4285,0.5934,0.696,4.21342848156206,1.07551965732087,-4.21342848156206,-1.07551965732087,7.0432991746987,4.77377386287032,0.0268051269841271,0.949053604022289,NA,NA
"138","p",0.3146,0.2951,0.3952,0.3463,0.4665,0.3308,44.1116670093296,3.11503791277259,-44.1116670093296,-3.11503791277259,6.78498425550357,5.41989292182989,-0.275569825396826,0.498097214096733,NA,NA
"139","p",0.4999,0.4303,0.7198,0.8551,0.6828,0.7248,30.5846648168763,2.46347295950156,-30.5846648168763,-2.46347295950156,4.180347936409,2.16883990750672,-0.383319317460318,0.375138522856572,NA,NA
"140","p",0.5744,0.4723,0.4338,0.446,0.6165,0.5425,23.1267067237253,2.02883115264797,-23.1267067237253,-2.02883115264797,5.73117789747833,4.12875785273642,-0.0956678730158729,0.80882610982402,NA,NA
"141","p",0.8981,0.8453,0.9315,0.9302,0.9779,0.9699,5.053013334023,0.552739781931464,-5.053013334023,-0.552739781931464,1.70089877206294,1.29946792149477,-0.127710412698413,0.744618041525049,NA,NA
"142","p",0.6881,0.5446,0.243,0.2916,0.4265,0.4695,16.8935743724792,1.74977096573209,-16.8935743724792,-1.74977096573209,9.16013662062336,5.95606973343126,-0.208459190476191,0.61660728248505,NA,NA
"143","p",0.2867,0.22,0.169,0.2612,0.3885,0.2651,48.2257275755169,3.76604080996885,-48.2257275755169,-3.76604080996885,12.0643835262883,7.0938209069334,-0.502275587301588,0.241424783895887,NA,NA
"144","p",0.9705,0.788,0.0827,0.0618,0.1039,0.2339,1.71678715694419,0.817307881619938,1.71678715694419,-0.817307881619938,14.864377011345,11.0427950750514,-0.118003222222222,0.780009520570322,NA,NA
"145","p",0.8175,0.7198,0.8661,0.9118,0.9401,0.9356,10.1001817769655,1.09071912772586,-10.1001817769655,-1.09071912772586,2.47344542051107,1.51757143860747,-0.0177839523809523,0.966293471538241,NA,NA
"146","p",0.6636,0.5379,0.4498,0.5431,0.7219,0.6617,20.014263122132,1.92114523364486,20.014263122132,1.92114523364486,6.66661939204914,4.26073689438829,0.268389031746032,0.526320507885484,NA,NA
"147","p",0.4233,0.4999,0.3622,0.334,0.4864,0.3852,33.3749807976625,1.92328517133956,33.3749807976625,1.92328517133956,7.05042919217958,5.39487039151011,0.274801015873016,0.494722490513109,NA,NA
"148","p",0.5546,0.576,0.75,0.6809,0.7302,0.6746,25.7435592558969,1.65433722741433,25.7435592558969,1.65433722741433,3.3978351776822,2.99542835607379,0.277640333333334,0.497064740081612,NA,NA
"149","p",0.2316,0.206,0.5052,0.613,0.3498,0.3853,53.8894863529829,3.89372563862928,53.8894863529829,3.89372563862928,6.0619763107024,3.72332957476339,0.642164111111112,0.12920310241265,NA,NA
"150","p",0.3623,0.267,0.2153,0.3051,0.4491,0.3324,38.5379693555271,3.19413607476636,-38.5379693555271,-3.19413607476636,9.12347018266888,5.5099134355817,-0.275035285714286,0.494097505143848,NA,NA
"151","p",0.3545,0.2727,0.4848,0.7031,0.5122,0.5384,39.4056237573335,3.17014884735203,-39.4056237573335,-3.17014884735203,5.68133661974624,2.90109049724692,-0.483833936507937,0.224205983380206,NA,NA
"152","p",0.8859,0.7631,0.5592,0.6679,0.8405,0.8526,6.4432592138314,0.915512523364486,6.4432592138314,0.915512523364486,5.58722484911902,3.43252742387316,0.0450599841269842,0.916049397911155,NA,NA
"153","p",0.6255,0.8301,0.575,0.5681,0.7503,0.6582,21.0195085542219,0.637593426791277,-21.0195085542219,-0.637593426791277,4.68710769314982,3.61719045568767,-0.090494111111111,0.817408614636206,NA,NA
"154","p",0.3521,0.3836,0.931,0.9219,0.5083,0.6215,40.2625290968752,2.5880762305296,40.2625290968752,2.5880762305296,1.72772535476422,1.38476185003036,0.411584777777778,0.309770460639118,NA,NA
"155","p",0.9335,0.8377,0.8323,0.832,0.9468,0.9484,3.56374472374116,0.582492056074766,-3.56374472374116,-0.582492056074766,2.53988747838956,1.94342548245518,-0.0421354920634921,0.91674968413972,NA,NA
"156","p",0.7839,0.7705,0.1968,0.0819,0.1336,0.2444,11.9942257695339,0.851009532710281,-11.9942257695339,-0.851009532710281,9.78146024753675,9.67542946267522,-0.176110285714286,0.663999773914144,NA,NA
"157","p",0.4699,0.4491,0.1483,0.1535,0.242,0.2588,31.4834785996492,2.27248280373832,31.4834785996492,2.27248280373832,11.2966449478967,7.76385400365734,0.262675460317461,0.520601967931708,NA,NA
"158","p",0.8464,0.773,0.8252,0.7935,0.9319,0.9053,8.85250570091652,0.902254953271028,8.85250570091652,0.902254953271028,3.10770627962185,2.59021912521963,0.246597142857143,0.562017622094732,NA,NA
"159","p",0.5857,0.7693,0.4801,0.3844,0.5354,0.5044,23.3119594121682,0.848753987538941,23.3119594121682,0.848753987538941,5.82152371823416,5.23374102577546,0.311779412698413,0.458058493257176,NA,NA
"160","p",0.2351,0.2776,0.3084,0.1915,0.2982,0.1885,49.4613953720907,3.1031522741433,-49.4613953720907,-3.1031522741433,7.55647168215844,6.85725517786205,-0.49408653968254,0.213224031201371,NA,NA
"161","p",0.5905,0.5948,0.8048,0.7498,0.7669,0.7374,23.1718242793018,1.54119971962617,-23.1718242793018,-1.54119971962617,2.7749485965671,2.41239856123529,0.0475143492063492,0.906089841315693,NA,NA
"162","p",0.8669,0.772,0.1558,0.103,0.1662,0.2934,6.90528142918394,0.820199065420561,6.90528142918394,0.820199065420561,9.85240447010025,8.04535605628007,0.0468527619047622,0.905175786054694,NA,NA
"163","p",0.6865,0.7197,0.9284,0.9074,0.8459,0.8677,17.001791003495,1.02275168224299,17.001791003495,1.02275168224299,1.53373417417533,1.33146141633618,0.0974539523809526,0.81225296359536,NA,NA
"164","p",0.3425,0.297,0.5052,0.55,0.5035,0.4605,40.922869233102,3.0627446728972,-40.922869233102,-3.0627446728972,5.72076981449699,3.93694802344824,-0.26933253968254,0.513316539052561,NA,NA
"165","p",0.5234,0.6263,0.7053,0.6792,0.6978,0.6539,28.2415592159587,1.46344794392523,-28.2415592159587,-1.46344794392523,3.87754872010732,3.04319219285589,-0.16252153968254,0.701669013467389,NA,NA
"166","p",0.5341,0.6174,0.5785,0.4933,0.6752,0.5571,28.1722300422246,1.55474380062305,-28.1722300422246,-1.55474380062305,5.32681394977766,4.60885904032839,-0.220667793650794,0.598316979245094,NA,NA
"167","p",0.1319,0.1355,0.5167,0.6005,0.2052,0.2736,63.8680906747863,4.33080716510903,-63.8680906747863,-4.33080716510903,4.9493151324071,3.18523523842489,-0.643630063492064,0.111473228184365,NA,NA
"168","p",0.556,0.4693,0.4212,0.5427,0.7218,0.598,24.4941659780876,2.05853956386293,24.4941659780876,2.05853956386293,6.05698759749973,3.59299159781123,0.21068973015873,0.59561325977453,NA,NA
"169","p",0.7624,0.8095,0.7994,0.7441,0.8963,0.8365,13.5681401072172,0.75401953271028,13.5681401072172,0.75401953271028,3.22177004798441,2.83066910327034,0.03082126984127,0.940933628501425,NA,NA
"170","p",0.3891,0.3687,0.0698,0.0407,0.0664,0.1034,37.5657020073234,2.67649707165109,37.5657020073234,2.67649707165109,15.2105166502412,12.0845597076685,0.45803842857143,0.270129282579164,NA,NA
"171","p",0.1881,0.2168,0.3836,0.285,0.2858,0.213,56.2152078657428,3.60304489096573,56.2152078657428,3.60304489096573,6.75313608111784,6.00863490952051,0.550351936507937,0.176203386714911,NA,NA
"172","p",0.7594,0.6585,0.42,0.35,0.5049,0.5581,13.2712437017427,1.32823202492212,-13.2712437017427,-1.32823202492212,6.56011530210609,5.51986388615604,-0.153884492063492,0.705713933090166,NA,NA
"173","p",0.7802,0.6259,0.4037,0.5008,0.6762,0.6882,12.3222598233471,1.4794645482866,-12.3222598233471,-1.4794645482866,7.02506031978019,4.38659929275983,-0.186602111111111,0.656694698296968,NA,NA
"174","p",0.5846,0.491,0.4958,0.5761,0.7508,0.6346,23.7141553787692,2.02260205607477,23.7141553787692,2.02260205607477,5.5261675583662,3.61126137513351,0.082639238095238,0.842222234448201,NA,NA
"175","p",0.2194,0.1259,0.05,0.11,0.1781,0.1333,55.7097485335872,4.72792956386293,-55.7097485335872,-4.72792956386293,17.7130239178739,9.73387598325202,-0.570094238095239,0.188869239254658,NA,NA
"176","p",0.3648,0.3394,0.723,0.8017,0.5097,0.5827,41.1682933626674,2.96798682242991,41.1682933626674,2.96798682242991,3.59602680468861,2.13419557601299,0.265299365079365,0.540281283513051,NA,NA
"177","p",0.6504,0.7157,0.7708,0.7596,0.819,0.7765,19.4368779720588,1.05007831775701,19.4368779720588,1.05007831775701,3.04855566971645,2.36856765162322,0.0944785714285716,0.819919898188624,NA,NA
"178","p",0.3406,0.3023,0.5497,0.6067,0.4843,0.4744,40.4768673743082,2.99366900311527,40.4768673743082,2.99366900311527,4.83195529306173,3.21369489467073,0.477852634920636,0.233852198602795,NA,NA
"179","p",0.2019,0.1512,0.1568,0.3157,0.3106,0.2419,59.8412093129327,4.54339433021807,-59.8412093129327,-4.54339433021807,12.4153282487194,6.42923422797302,-0.558686936507938,0.196078767158478,NA,NA
"180","p",0.0986,0.1017,0.3546,0.4333,0.1562,0.1921,69.6801224543651,4.7313315576324,69.6801224543651,4.7313315576324,6.6648580454088,4.2256288586352,0.604991571428573,0.127968401039739,NA,NA
"181","p",0.6641,0.7706,0.403,0.2529,0.3813,0.4283,18.9854325411406,0.867262056074766,18.9854325411406,0.867262056074766,6.74845452256807,6.37479716844266,0.339109746031747,0.404861184606524,NA,NA
"182","p",0.8505,0.7159,0.4072,0.3424,0.4941,0.5858,8.70286598205426,1.13614473520249,8.70286598205426,1.13614473520249,7.11525356527163,5.84842049889371,0.0736868095238095,0.862508718966737,NA,NA
"183","p",0.9131,0.8322,0.9354,0.94,0.9853,0.9789,4.57440045423953,0.607495358255451,4.57440045423953,0.607495358255451,1.61216442590641,1.20523919876234,-0.000519904761904609,0.99901280997235,NA,NA
"184","p",0.2652,0.3458,0.4633,0.3049,0.3947,0.273,48.3415427354555,2.76483115264797,-48.3415427354555,-2.76483115264797,5.93393879217739,5.8987722090184,-0.431036444444445,0.294965337457598,NA,NA
"185","p",0.2047,0.3052,0.3732,0.2043,0.3157,0.185,53.5671752854182,2.92869732087227,53.5671752854182,2.92869732087227,6.70597476270113,6.58605491989528,0.504187492063493,0.199354416099421,NA,NA
"186","p",0.1759,0.1714,0.4452,0.4968,0.2712,0.292,59.5607149265385,4.11262897196262,-59.5607149265385,-4.11262897196262,6.32347179036398,4.28361689521232,-0.604406698412699,0.147233308257108,NA,NA
"187","p",0.44,0.5488,0.4913,0.3205,0.4701,0.3873,31.1217229369346,1.65720009345794,-31.1217229369346,-1.65720009345794,4.99257545769396,4.975564669473,-0.508699365079366,0.179933954536344,NA,NA
"188","p",0.3277,0.3616,0.9262,0.9151,0.4765,0.5944,44.8558232681531,2.86313021806854,-44.8558232681531,-2.86313021806854,1.87437863789066,1.48944774099276,-0.415110777777779,0.329751923359026,NA,NA
"189","p",0.2858,0.3045,0.7351,0.7029,0.4189,0.4724,43.9292572606176,2.8703092211838,-43.9292572606176,-2.8703092211838,2.9967683271568,2.44416032285942,-0.375808634920635,0.341039439454561,NA,NA
"190","p",0.4681,0.8088,0.0907,0.0666,0.1079,0.1563,32.954644692796,0.752418971962617,32.954644692796,0.752418971962617,15.6258100580098,12.2235092688491,0.427131476190477,0.328603968805066,NA,NA
"191","p",0.9672,0.9663,0.8512,0.7763,0.9178,0.9403,1.67582251140809,0.136153052959501,1.67582251140809,-0.136153052959501,2.65720242246284,2.5050723846886,0.146015492063492,0.725786560650356,NA,NA
"192","p",0.4598,0.5225,0.6953,0.6867,0.6354,0.6145,32.7449639299537,1.93078638629283,-32.7449639299537,-1.93078638629283,4.06180032401113,3.09309341618117,-0.308600333333334,0.459954911323362,NA,NA
"193","p",0.2706,0.283,0.6654,0.6772,0.411,0.4527,48.252374383034,3.20302626168224,-48.252374383034,-3.20302626168224,4.38541141863863,3.24191511105192,-0.535371650793652,0.194234864226691,NA,NA
"194","p",0.1301,0.1184,0.3742,0.4763,0.208,0.2385,61.2988159423118,4.31747049844237,-61.2988159423118,-4.31747049844237,6.20689403110087,3.836088587051,-0.582252825396826,0.128213162446351,NA,NA
"195","p",0.5082,0.3691,0.1665,0.1942,0.3035,0.318,26.9190391774718,2.51062750778816,-26.9190391774718,-2.51062750778816,9.71233754494417,6.57759023322436,-0.0964956825396827,0.805045678869737,NA,NA
"196","p",0.5493,0.6655,0.4678,0.4698,0.644,0.5444,25.7959257684206,1.26630464174455,25.7959257684206,1.26630464174455,6.15161043885096,4.51420340948669,0.351554634920635,0.396172215723754,NA,NA
"197","p",0.8719,0.9594,0.2798,0.1904,0.2912,0.4179,6.59668753811055,0.146868816199377,-6.59668753811055,0.146868816199377,7.80063205123637,6.82891202480983,-0.121271206349206,0.761392660747199,NA,NA
"198","p",0.5804,0.4705,0.1167,0.0714,0.1157,0.1859,23.3294125820919,2.07918034267913,-23.3294125820919,-2.07918034267913,11.7667256024077,9.70155507770226,-0.311392857142858,0.433975709567997,NA,NA
"199","p",0.5671,0.6383,0.5719,0.4068,0.5702,0.5133,24.5577014863548,1.38148651090343,24.5577014863548,1.38148651090343,4.91758965788466,4.9324413374521,0.209293190476191,0.60928452176975,NA,NA
"200","p",0.08,0.0562,0.0819,0.1887,0.1313,0.0996,80.8290516758805,6.04396370716511,-80.8290516758805,-6.04396370716511,15.7080936525414,8.29068427535477,-0.652943412698414,0.134671090516135,NA,NA
