"","X","pLW","pLU","pQU","pQH","pMin","pFisher","SW","SL","SWwin","SLwin","SC","SQ","CMCBeta","pBeta","muBk","muPk"
"1","p",0.0398,0.0398,0.0398,0.0398,0.0398,0.0398,48.2829632113106,7.97053429906542,48.2829632113106,7.97053429906542,63.5294170125783,3.7933301452823,0.814925803797463,0.0634649023692136,NA,NA
"2","p",0.1334,0.1334,0.1334,0.1334,0.1334,0.1334,36.3771839911221,6.00513252336449,36.3771839911221,6.00513252336449,36.0616166231699,2.15323268899508,0.658270379746831,0.139009163648761,NA,NA
"3","p",0.1312,0.1312,0.1312,0.1312,0.1312,0.1312,37.7994507610355,6.23991981308411,37.7994507610355,6.23991981308411,38.9365992737197,2.32489738966964,0.690782272151894,0.122840157537228,NA,NA
"4","p",0.0088,0.0088,0.0088,0.0088,0.0088,0.0088,64.5116142322473,10.6495542056075,64.5116142322473,10.6495542056075,113.413004778172,6.77187026298236,1.21307572784809,0.00688895404621018,0.098534863403375,0.00859313944111269
"5","p",0.1232,0.1232,0.1232,0.1232,0.1232,0.1232,38.5069914309629,6.35672037383178,38.5069914309629,6.35672037383178,40.407893911088,2.41274812973572,0.52966336075949,0.246365156086123,NA,NA
"6","p",0.0656,0.0656,0.0656,0.0656,0.0656,0.0656,44.1172310819151,7.28285672897196,44.1172310819151,7.28285672897196,53.0400021347322,3.16700905603591,0.913357499999994,0.0345485631351682,NA,NA
"7","p",0.0325,0.0325,0.0325,0.0325,0.0325,0.0325,51.3853734118024,8.48267906542056,51.3853734118024,8.48267906542056,71.9558441269243,4.29647060356077,0.7945794113924,0.0751254214508182,NA,NA
"8","p",0.1504,0.1504,0.1504,0.1504,0.1504,0.1504,35.0067528638318,5.77890224299065,35.0067528638318,5.77890224299065,33.3957111340424,1.99405194829383,0.750743405063286,0.088807539883233,NA,NA
"9","p",0.1404,0.1404,0.1404,0.1404,0.1404,0.1404,37.1397544571859,6.13101738317757,37.1397544571859,6.13101738317757,37.5893741528255,2.24445481827697,0.676210810126578,0.139667827263509,NA,NA
"10","p",0.3946,0.3946,0.3946,0.3946,0.3946,0.3946,19.8527397484781,3.27728317757009,19.8527397484781,3.27728317757009,10.7405850259839,0.641318413939888,0.304542449367086,0.474363758851291,NA,NA
"11","p",0.7274,0.7274,0.7274,0.7274,0.7274,0.7274,8.8666582106587,1.46370476635514,-8.8666582106587,-1.46370476635514,2.14243164305076,0.127924210829482,-0.29564831012658,0.52127240242465,NA,NA
"12","p",0.5057,0.5057,0.5057,0.5057,0.5057,0.5057,16.7651720014883,2.76758859813084,16.7651720014883,2.76758859813084,7.65954664850384,0.457350162605977,0.313192227848099,0.49478747058837,NA,NA
"13","p",0.5857,0.5857,0.5857,0.5857,0.5857,0.5857,13.6004157968039,2.24515177570093,13.6004157968039,2.24515177570093,5.04070649593306,0.300979684746003,0.215653056962024,0.634618779042059,NA,NA
"14","p",0.3615,0.3615,0.3615,0.3615,0.3615,0.3615,22.1580733402905,3.65784682242991,22.1580733402905,3.65784682242991,13.3798433763606,0.798908058744743,0.321908012658226,0.471593412278391,NA,NA
"15","p",0.0167,0.0167,0.0167,0.0167,0.0167,0.0167,58.9251688170292,9.72734579439252,58.9251688170292,9.72734579439252,94.6212562036859,5.64981831126919,1.01777472151898,0.0236381713442588,0.253964538480661,0.00919924295715673
"16","p",0.2499,0.2499,0.2499,0.2499,0.2499,0.2499,27.5863351247305,4.5539423364486,27.5863351247305,4.5539423364486,20.7383908036989,1.23828561160479,0.486227677215187,0.267982509912277,NA,NA
"17","p",0.0077,0.0077,0.0077,0.0077,0.0077,0.0077,65.8926066735736,10.8775279439252,65.8926066735736,10.8775279439252,118.320614170874,7.0649027434618,1.2006056835443,0.00792803602023267,0.00125261835334434,0.0107960038672253
"18","p",0.0345,0.0345,0.0345,0.0345,0.0345,0.0345,50.6373957321546,8.35920317757009,50.6373957321546,8.35920317757009,69.8762777638979,4.1723000673756,1.00591390506328,0.0188959027339324,0.115980153709578,0.0122268594930307
"19","p",0.0824,0.0824,0.0824,0.0824,0.0824,0.0824,42.660487608589,7.04237803738318,42.660487608589,7.04237803738318,49.5950884214169,2.96131387337702,0.882560835443032,0.0488158492097138,NA,NA
"20","p",0.4343,0.4343,0.4343,0.4343,0.4343,0.4343,19.7203035313179,3.25542065420561,19.7203035313179,3.25542065420561,10.5977636358285,0.632790574237525,0.461493556962022,0.318143249941877,NA,NA
"21","p",0.4585,0.4585,0.4585,0.4585,0.4585,0.4585,18.4627564613622,3.04782523364486,18.4627564613622,3.04782523364486,9.28923865484235,0.55465878128802,0.330035544303795,0.473480117014319,NA,NA
"22","p",0.0841,0.0841,0.0841,0.0841,0.0841,0.0841,41.8219436180881,6.9039514953271,41.8219436180881,6.9039514953271,47.6645462498293,2.84604154505119,0.797452658227843,0.0727395846098519,NA,NA
"23","p",0.4316,0.4316,0.4316,0.4316,0.4316,0.4316,18.9762961810903,3.13260018691589,18.9762961810903,3.13260018691589,9.81318393106546,0.585943460169645,0.564928417721515,0.196001518343184,NA,NA
"24","p",0.0081,0.0081,0.0081,0.0081,0.0081,0.0081,64.303054463943,10.6151252336449,64.303054463943,10.6151252336449,112.680883725964,6.72815544569092,1.07188076582278,0.0163868053553454,0.266477362469806,0.00919924295715673
"25","p",0.4039,0.4039,0.4039,0.4039,0.4039,0.4039,20.1429950032114,3.32519841121495,20.1429950032114,3.32519841121495,11.0569444739464,0.660208180084972,0.294494069620251,0.500030498568157,NA,NA
"26","p",0.3686,0.3686,0.3686,0.3686,0.3686,0.3686,20.4163187533147,3.37031859813084,20.4163187533147,3.37031859813084,11.3590474529066,0.678246695011725,0.445948075949364,0.291455962710044,NA,NA
"27","p",0.0292,0.0292,0.0292,0.0292,0.0292,0.0292,55.28513649657,9.12645056074766,55.28513649657,9.12645056074766,83.2920998377713,4.97335640772407,1.20260489240506,0.00886322058722782,0.423898378767067,0.0107960038672253
"28","p",0.9712,0.9712,0.9712,0.9712,0.9712,0.9712,0.887537617768308,0.146514392523364,-0.887537617768308,-0.146514392523364,0.0214664672164905,0.00128175892419893,0.100690341772151,0.829645626558331,NA,NA
"29","p",0.2201,0.2201,0.2201,0.2201,0.2201,0.2201,31.3904660911942,5.18192691588785,-31.3904660911942,-5.18192691588785,26.852366561603,1.60335001232786,-0.466876544303794,0.313913547400116,NA,NA
"30","p",0.3178,0.3178,0.3178,0.3178,0.3178,0.3178,24.7848445302181,4.09147327102804,24.7848445302181,4.09147327102804,16.7401535275369,0.999551577816097,0.453235664556959,0.319054562675244,NA,NA
"31","p",0.2291,0.2291,0.2291,0.2291,0.2291,0.2291,30.2506656422962,4.99376906542056,30.2506656422962,4.99376906542056,24.9377294787513,1.48902737401026,0.636655537974679,0.168148688267753,NA,NA
"32","p",0.2538,0.2538,0.2538,0.2538,0.2538,0.2538,27.9981742873903,4.62192859813084,27.9981742873903,4.62192859813084,21.3622239662197,1.27553457834013,0.321552449367086,0.471126274307614,NA,NA
"33","p",0.1603,0.1603,0.1603,0.1603,0.1603,0.1603,34.8607836715595,5.75480570093458,34.8607836715595,5.75480570093458,33.1177886555091,1.97745724672962,0.558778120253161,0.218064791246774,NA,NA
"34","p",0.4233,0.4233,0.4233,0.4233,0.4233,0.4233,19.6598433345257,3.24543990654206,19.6598433345257,3.24543990654206,10.5328801869757,0.628916395092858,0.270679063291137,0.553938185910395,NA,NA
"35","p",0.673,0.673,0.673,0.673,0.673,0.673,10.7621641299625,1.77661420560748,10.7621641299625,1.77661420560748,3.15635803556628,0.188465574668299,0.218363772151897,0.638292963718855,NA,NA
"36","p",0.7066,0.7066,0.7066,0.7066,0.7066,0.7066,9.25831057221525,1.52835859813084,-9.25831057221525,-1.52835859813084,2.33588000448047,0.139474977946099,-0.105755797468354,0.816065116752656,NA,NA
"37","p",0.0041,0.0041,0.0041,0.0041,0.0041,0.0041,73.7037749155737,12.1669928037383,73.7037749155737,12.1669928037383,148.03571388622,8.83918604119729,1.31018348734176,0.00450664705623907,0.0638392300682482,0.00859313944111269
"38","p",0.0937,0.0937,0.0937,0.0937,0.0937,0.0937,41.660809273359,6.8773514953271,41.660809273359,6.8773514953271,47.2979635902779,2.82415295991057,0.796549253164552,0.0805281049902012,NA,NA
"39","p",0.0638,0.0638,0.0638,0.0638,0.0638,0.0638,42.9442135878049,7.08921542056075,42.9442135878049,7.08921542056075,50.2569752791163,3.00083501945616,0.7363439113924,0.0831593656077455,NA,NA
"40","p",0.0239,0.0239,0.0239,0.0239,0.0239,0.0239,56.8735519000582,9.38866560747664,56.8735519000582,9.38866560747664,88.1470418890146,5.26324413064987,1.21689876582278,0.00652195342871481,0.310428025428752,0.00744653840448233
"41","p",0.1773,0.1773,0.1773,0.1773,0.1773,0.1773,35.1061492371357,5.79531056074766,35.1061492371357,5.79531056074766,33.5856244955134,2.00539164119416,0.61822032911392,0.189908364579814,NA,NA
"42","p",0.0202,0.0202,0.0202,0.0202,0.0202,0.0202,54.5097854534832,8.99845588785047,54.5097854534832,8.99845588785047,80.9722083655907,4.8348361021865,1.11342031645569,0.00858785136906244,0.196374154517382,0.0081106470231364
"43","p",0.091,0.091,0.091,0.091,0.091,0.091,40.964722717909,6.76244177570093,40.964722717909,6.76244177570093,45.7306187697452,2.73056708055956,0.846919873417716,0.0521830621484101,NA,NA
"44","p",0.2078,0.2078,0.2078,0.2078,0.2078,0.2078,30.3808814641925,5.01526504672897,30.3808814641925,5.01526504672897,25.1528834889414,1.50187418153835,0.662693556962021,0.124453919191464,NA,NA
"45","p",0.0036,0.0036,0.0036,0.0036,0.0036,0.0036,70.7936910275476,11.6865971962617,70.7936910275476,11.6865971962617,136.576554027671,8.1549616523219,1.25012199367088,0.00382500473416086,0.0085962320547498,0.00749037463056154
"46","p",0.2678,0.2678,0.2678,0.2678,0.2678,0.2678,27.5439455032647,4.5469446728972,27.5439455032647,4.5469446728972,20.6747058583882,1.2344829948926,0.515263316455693,0.260945529733904,NA,NA
"47","p",0.3619,0.3619,0.3619,0.3619,0.3619,0.3619,21.4036218667,3.53330224299065,21.4036218667,3.53330224299065,12.4842247403228,0.745430829918827,0.400619765822782,0.351829977767229,NA,NA
"48","p",0.0735,0.0735,0.0735,0.0735,0.0735,0.0735,42.7993036406981,7.06529373831776,42.7993036406981,7.06529373831776,49.9183756087121,2.98061729360056,0.665295044303793,0.128141067340196,NA,NA
"49","p",0.1756,0.1756,0.1756,0.1756,0.1756,0.1756,34.7449404081962,5.7356823364486,34.7449404081962,5.7356823364486,32.8980518646484,1.96433680218604,0.830953911392399,0.0751970656932706,NA,NA
"50","p",0.2862,0.2862,0.2862,0.2862,0.2862,0.2862,25.8424343066365,4.26605981308411,25.8424343066365,4.26605981308411,18.1992663288113,1.08667494262433,0.510663348101262,0.24475020841783,NA,NA
"51","p",0.0049,0.0049,0.0049,0.0049,0.0049,0.0049,68.1673478383389,11.2530414018692,68.1673478383389,11.2530414018692,126.630940792181,7.56111086203315,1.24976489873417,0.00457761718314555,0.0549670777719263,0.0081106470231364
"52","p",0.6516,0.6516,0.6516,0.6516,0.6516,0.6516,10.850506082582,1.7911976635514,10.850506082582,1.7911976635514,3.208389069912,0.191572338437826,0.263142082278479,0.544933111015101,NA,NA
"53","p",0.1188,0.1188,0.1188,0.1188,0.1188,0.1188,39.0157965342728,6.44071373831776,39.0157965342728,6.44071373831776,41.4827934589551,2.47693018979252,0.858955563291133,0.0607472818993491,NA,NA
"54","p",0.0049,0.0049,0.0049,0.0049,0.0049,0.0049,64.414129142577,10.6334614018692,64.414129142577,10.6334614018692,113.070501385041,6.75141944653985,1.09747342405063,0.0094128085537306,0.317950316988146,0.00899929627627164
"55","p",0.6427,0.6427,0.6427,0.6427,0.6427,0.6427,11.4722569523248,1.89383607476636,11.4722569523248,1.89383607476636,3.58661507808644,0.214156145845563,0.271378645569618,0.543662388836648,NA,NA
"56","p",0.7618,0.7618,0.7618,0.7618,0.7618,0.7618,7.42948274903668,1.22645635514019,-7.42948274903668,-1.22645635514019,1.50419519106375,0.0898152262521325,-0.165168310126581,0.712002627802467,NA,NA
"57","p",0.1752,0.1752,0.1752,0.1752,0.1752,0.1752,33.4505654615664,5.52200738317757,33.4505654615664,5.52200738317757,30.4925655398676,1.8207056432845,0.615170018987338,0.169295634378199,NA,NA
"58","p",0.0308,0.0308,0.0308,0.0308,0.0308,0.0308,55.3191540616453,9.1320661682243,55.3191540616453,9.1320661682243,83.3946325008268,4.97947861472571,1.17271324683544,0.0101762719827576,0.297956418012391,0.0083105937040215
"59","p",0.3917,0.3917,0.3917,0.3917,0.3917,0.3917,21.7460190449942,3.58982504672897,21.7460190449942,3.58982504672897,12.8868438661227,0.769471146024065,0.394389702531643,0.388450767817696,NA,NA
"60","p",0.6223,0.6223,0.6223,0.6223,0.6223,0.6223,11.8543868640242,1.95691794392523,11.8543868640242,1.95691794392523,3.82952783925656,0.228660423437752,0.341821651898732,0.420857293966023,NA,NA
"61","p",0.2496,0.2496,0.2496,0.2496,0.2496,0.2496,28.7945771912344,4.7533985046729,28.7945771912344,4.7533985046729,22.5947973442265,1.34913131463853,0.583785962025313,0.201229438299279,NA,NA
"62","p",0.0986,0.0986,0.0986,0.0986,0.0986,0.0986,40.3252896438625,6.65688439252336,40.3252896438625,6.65688439252336,44.3141098154212,2.6459875838449,0.830345101265817,0.0622516451647728,NA,NA
"63","p",0.9441,0.9441,0.9441,0.9441,0.9441,0.9441,1.70703670855487,0.281797009345794,1.70703670855487,0.281797009345794,0.0794095544762337,0.00474153031749833,0.0622497341772148,0.887478980549309,NA,NA
"64","p",0.0253,0.0253,0.0253,0.0253,0.0253,0.0253,52.1546039313811,8.60966336448598,52.1546039313811,8.60966336448598,74.1263032497721,4.42606833020402,0.935304987341766,0.0275253575484539,0.178566659695265,0.0160347387374378
"65","p",0.044,0.044,0.044,0.044,0.044,0.044,49.5112601686432,8.17330112149533,49.5112601686432,8.17330112149533,66.8028512226368,3.98878631742307,0.900503322784804,0.0401491790744513,0.619982553818622,0.00631065306357159
"66","p",0.0718,0.0718,0.0718,0.0718,0.0718,0.0718,46.2204549215482,7.6300561682243,46.2204549215482,7.6300561682243,58.2177571302577,3.47617188221963,1.15457471518987,0.0134984115420049,NA,NA
"67","p",0.1622,0.1622,0.1622,0.1622,0.1622,0.1622,35.1732683551657,5.80639056074766,35.1732683551657,5.80639056074766,33.7141713439396,2.01306715055889,0.678210082278476,0.133768280617303,NA,NA
"68","p",0.4956,0.4956,0.4956,0.4956,0.4956,0.4956,16.9583056274794,2.79947102803738,16.9583056274794,2.79947102803738,7.83703803682068,0.467948141707485,0.360391240506326,0.428800926610409,NA,NA
"69","p",0.0072,0.0072,0.0072,0.0072,0.0072,0.0072,64.2666862917448,10.609121588785,64.2666862917448,10.609121588785,112.553460885625,6.72054705064836,1.37031418987341,0.00144794411471271,0.0533629514345038,0.0081106470231364
"70","p",0.7772,0.7772,0.7772,0.7772,0.7772,0.7772,7.01515767214842,1.15805971962617,7.01515767214842,1.15805971962617,1.34110231422064,0.0800769796995582,0.188650449367087,0.675857433600368,NA,NA
"71","p",0.0212,0.0212,0.0212,0.0212,0.0212,0.0212,55.8690200593214,9.22283785046729,55.8690200593214,9.22283785046729,85.0607380160121,5.07896147751858,1.05719881012658,0.0154168339969922,0.312045382267753,0.00859313944111269
"72","p",0.365,0.365,0.365,0.365,0.365,0.365,21.5384415270171,3.55555822429907,21.5384415270171,3.55555822429907,12.6419942863807,0.754851221340813,0.433929044303794,0.326910334653403,NA,NA
"73","p",0.0647,0.0647,0.0647,0.0647,0.0647,0.0647,45.6413184302625,7.53445252336449,45.6413184302625,7.53445252336449,56.7679748268335,3.38960563977186,0.875787835443032,0.0527480101931132,NA,NA
"74","p",0.3057,0.3057,0.3057,0.3057,0.3057,0.3057,26.4997471673292,4.37456878504673,26.4997471673292,4.37456878504673,19.1368520551052,1.14265801891532,0.414604772151896,0.375875814896433,NA,NA
"75","p",0.1251,0.1251,0.1251,0.1251,0.1251,0.1251,39.6027406418475,6.53760626168224,39.6027406418475,6.53760626168224,42.7402956327869,2.55201542003806,0.599324411392401,0.203558658248718,NA,NA
"76","p",0.0147,0.0147,0.0147,0.0147,0.0147,0.0147,61.4985033246073,10.1521509345794,61.4985033246073,10.1521509345794,103.066168598482,6.15406252234241,1.16351381645569,0.0124879940651539,0.046876483155358,0.00919924295715673
"77","p",0.0069,0.0069,0.0069,0.0069,0.0069,0.0069,68.5099199534349,11.3095930841121,68.5099199534349,11.3095930841121,127.906895728197,7.63729790341357,1.34006699367088,0.0031499726073468,0.171066211028201,0.00919924295715673
"78","p",0.0551,0.0551,0.0551,0.0551,0.0551,0.0551,48.647453379095,8.03070420560748,48.647453379095,8.03070420560748,64.4922100379616,3.85081834490061,1.09532087341771,0.0165628402882251,NA,NA
"79","p",0.4579,0.4579,0.4579,0.4579,0.4579,0.4579,19.1863692376507,3.16727897196262,19.1863692376507,3.16727897196262,10.0316560862366,0.598988393542027,0.308282911392403,0.497096239388133,NA,NA
"80","p",0.8933,0.8933,0.8933,0.8933,0.8933,0.8933,3.18353445315718,0.525536728971963,-3.18353445315718,-0.525536728971963,0.27618885349855,0.0164911871229603,-0.0789383164556957,0.859144174411438,NA,NA
"81","p",0.1187,0.1187,0.1187,0.1187,0.1187,0.1187,38.0037446756137,6.27364457943925,38.0037446756137,6.27364457943925,39.3586163091275,2.35009595149366,0.828461335443033,0.0628506499692333,NA,NA
"82","p",0.2068,0.2068,0.2068,0.2068,0.2068,0.2068,32.2913940171683,5.33065177570094,32.2913940171683,5.33065177570094,28.4158483537835,1.69670523094578,0.575999936708857,0.20960957565393,NA,NA
"83","p",0.1704,0.1704,0.1704,0.1704,0.1704,0.1704,31.8612527285286,5.25964420560748,31.8612527285286,5.25964420560748,27.6638571695803,1.65180397162115,0.639704715189869,0.136851075326665,NA,NA
"84","p",0.2768,0.2768,0.2768,0.2768,0.2768,0.2768,27.3822036919068,4.52024439252336,27.3822036919068,4.52024439252336,20.4326093681389,1.22002745669133,0.416796873417719,0.363078681196776,NA,NA
"85","p",0.697,0.697,0.697,0.697,0.697,0.697,10.2860138963174,1.6980114953271,10.2860138963174,1.6980114953271,2.88324303826298,0.172157926949854,0.302914234177213,0.523967867236003,NA,NA
"86","p",0.0174,0.0174,0.0174,0.0174,0.0174,0.0174,60.3893224774052,9.96904775700935,60.3893224774052,9.96904775700935,99.3819131815331,5.93407628929913,1.20001896835442,0.00909179425095699,0.668655696697076,-0.00356268835453203
"87","p",0.7749,0.7749,0.7749,0.7749,0.7749,0.7749,7.06937562565141,1.16701,-7.06937562565141,-1.16701,1.3619123401,0.0813195426287389,-0.160551468354429,0.724135091973625,NA,NA
"88","p",0.5351,0.5351,0.5351,0.5351,0.5351,0.5351,15.3017950831577,2.52601485981308,15.3017950831577,2.52601485981308,6.38075107199651,0.380993507089077,0.373571183544301,0.3989137188238,NA,NA
"89","p",0.0372,0.0372,0.0372,0.0372,0.0372,0.0372,51.1378299113511,8.4418146728972,51.1378299113511,8.4418146728972,71.2642349715424,4.25517474439455,0.931377512658221,0.0371450902507758,0.300412477859885,0.00749037463056154
"90","p",0.0776,0.0776,0.0776,0.0776,0.0776,0.0776,43.1378018230252,7.12117289719626,43.1378018230252,7.12117289719626,50.7111034317626,3.02795093035636,0.686594044303793,0.12561516322578,NA,NA
"91","p",0.0966,0.0966,0.0966,0.0966,0.0966,0.0966,44.1825198741194,7.29363457943925,44.1825198741194,7.29363457943925,53.197105378392,3.17638966266068,0.707398962025312,0.140895251107143,NA,NA
"92","p",0.9673,0.9673,0.9673,0.9673,0.9673,0.9673,0.939658028065537,0.155118411214953,-0.939658028065537,-0.155118411214953,0.0240617214978513,0.00143672109390072,-0.0412988860759491,0.92409526383011,NA,NA
"93","p",0.0962,0.0962,0.0962,0.0962,0.0962,0.0962,44.1113811726182,7.28189102803738,44.1113811726182,7.28189102803738,53.0259369442113,3.16616922602155,1.03052546835442,0.0287915670542896,NA,NA
"94","p",0.5039,0.5039,0.5039,0.5039,0.5039,0.5039,15.1446412583421,2.50007196261682,15.1446412583421,2.50007196261682,6.25035981826273,0.373207868612786,0.415701993670883,0.31420592637614,NA,NA
"95","p",0.8776,0.8776,0.8776,0.8776,0.8776,0.8776,3.87007987617893,0.638871401869159,3.87007987617893,0.638871401869159,0.408156668126264,0.0243709617686999,0.204181892405062,0.6603379055156,NA,NA
"96","p",0.1087,0.1087,0.1087,0.1087,0.1087,0.1087,40.382395469941,6.66631140186916,40.382395469941,6.66631140186916,44.4397077066907,2.65348701150441,0.746160594936704,0.107678651310289,NA,NA
"97","p",0.002,0.002,0.002,0.002,0.002,0.002,79.7280650662334,13.1614804672897,79.7280650662334,13.1614804672897,173.224568090849,10.343208027746,1.43447817088607,0.00198727352017638,0.283842896170055,0.0102007018297705
"98","p",0.6757,0.6757,0.6757,0.6757,0.6757,0.6757,10.4690628969038,1.7282291588785,10.4690628969038,1.7282291588785,2.9867760255979,0.178339863135589,0.168350183544303,0.720218022771379,NA,NA
"99","p",0.2618,0.2618,0.2618,0.2618,0.2618,0.2618,28.3244365179479,4.67578785046729,28.3244365179479,4.67578785046729,21.8629920225775,1.30543534956238,0.58783247468354,0.200059298333847,NA,NA
"100","p",0.0737,0.0737,0.0737,0.0737,0.0737,0.0737,45.6271881790149,7.53211990654206,45.6271881790149,7.53211990654206,56.7328302865271,3.38750716554598,0.878267050632905,0.0622094478718111,NA,NA
"101","p",0.1142,0.1142,0.1142,0.1142,0.1142,0.1142,37.5275049920828,6.19502710280374,37.5275049920828,6.19502710280374,38.3783608044729,2.29156507035636,0.784237436708855,0.0673494755966426,NA,NA
"102","p",0.6941,0.6941,0.6941,0.6941,0.6941,0.6941,9.61776663630589,1.58769747663551,-9.61776663630589,-1.58769747663551,2.52078327731478,0.150515519348594,-0.163176746835442,0.716404228029668,NA,NA
"103","p",0.0974,0.0974,0.0974,0.0974,0.0974,0.0974,41.6722458375423,6.87923943925234,41.6722458375423,6.87923943925234,47.3239352625648,2.82570372382502,0.873020386075943,0.0556156451785805,NA,NA
"104","p",0.0251,0.0251,0.0251,0.0251,0.0251,0.0251,58.4088986112332,9.64212009345794,58.4088986112332,9.64212009345794,92.9704798966654,5.55125075275848,1.02765013291139,0.0289405809564611,0.363382158689883,0.00859313944111269
"105","p",0.1303,0.1303,0.1303,0.1303,0.1303,0.1303,37.6381765800927,6.21329672897196,37.6381765800927,6.21329672897196,38.6050562422537,2.30510101446493,0.689738335443034,0.124830266160315,NA,NA
"106","p",0.0257,0.0257,0.0257,0.0257,0.0257,0.0257,52.1576157882919,8.61016056074766,52.1576157882919,8.61016056074766,74.1348648818545,4.4265795437268,0.97478157594936,0.0226770092770682,0.296196274928331,0.0101014315383474
"107","p",0.0444,0.0444,0.0444,0.0444,0.0444,0.0444,50.3587774546397,8.31320897196262,50.3587774546397,8.31320897196262,69.1094434115197,4.12651252512981,0.935156632911386,0.0354178446204032,0.466947471726191,0.0081106470231364
"108","p",0.1643,0.1643,0.1643,0.1643,0.1643,0.1643,33.1548384780655,5.47318887850467,33.1548384780655,5.47318887850467,29.9557964997872,1.78865525975292,0.626546499999996,0.149565821186608,NA,NA
"109","p",0.5397,0.5397,0.5397,0.5397,0.5397,0.5397,14.9512941981301,2.46815429906542,14.9512941981301,2.46815429906542,6.09178564399512,0.363739432984083,0.266603626582276,0.541296884281107,NA,NA
"110","p",0.4165,0.4165,0.4165,0.4165,0.4165,0.4165,21.0917061523035,3.48181130841122,21.0917061523035,3.48181130841122,12.1230099873802,0.723862761523261,0.459601943037972,0.322407682832265,NA,NA
"111","p",0.5608,0.5608,0.5608,0.5608,0.5608,0.5608,14.1582354745064,2.33723644859813,14.1582354745064,2.33723644859813,5.4626742166556,0.326175301998967,0.212733658227847,0.640451220330216,NA,NA
"112","p",0.3383,0.3383,0.3383,0.3383,0.3383,0.3383,25.9111391786528,4.27740158878505,25.9111391786528,4.27740158878505,18.2961643517408,1.09246070627024,0.312502708860757,0.520811910851433,NA,NA
"113","p",0.2895,0.2895,0.2895,0.2895,0.2895,0.2895,25.7098140944582,4.24416691588785,25.7098140944582,4.24416691588785,18.012952809917,1.07555019568143,0.460342772151896,0.300877745434119,NA,NA
"114","p",0.2712,0.2712,0.2712,0.2712,0.2712,0.2712,27.1271464010568,4.47813962616823,27.1271464010568,4.47813962616823,20.0537345114581,1.19740490665514,0.551098265822781,0.215529370176408,NA,NA
"115","p",0.0392,0.0392,0.0392,0.0392,0.0392,0.0392,52.1481386295161,8.60859607476636,52.1481386295161,8.60859607476636,74.1079263784827,4.42497105050092,1.04526020886075,0.0237987861014742,0.284035793326873,0.0134183552504618
"116","p",0.008,0.008,0.008,0.008,0.008,0.008,64.7821174802585,10.6942087850467,64.7821174802585,10.6942087850467,114.366101538171,6.82877950032604,1.10852550632911,0.0140498861759495,0.33405190765527,0.00919924295715673
"117","p",0.0552,0.0552,0.0552,0.0552,0.0552,0.0552,48.3159554995315,7.97598065420561,48.3159554995315,7.97598065420561,63.6162673962621,3.79851596618306,0.968909905063285,0.0354314191748212,NA,NA
"118","p",0.0077,0.0077,0.0077,0.0077,0.0077,0.0077,70.5882336983169,11.6526803738318,70.5882336983169,11.6526803738318,135.784959894684,8.10769570799733,1.1628284113924,0.0118225288318325,0.456632845743788,0.0102007018297705
"119","p",0.2828,0.2828,0.2828,0.2828,0.2828,0.2828,28.5531898810177,4.71355037383178,28.5531898810177,4.71355037383178,22.2175571266497,1.32660636861134,0.673650822784805,0.156151903366786,NA,NA
"120","p",0.5173,0.5173,0.5173,0.5173,0.5173,0.5173,15.4873650985607,2.55664869158878,-15.4873650985607,-2.55664869158878,6.53645253220264,0.390290413474153,-0.205750468354429,0.636125841226405,NA,NA
"121","p",0.8647,0.8647,0.8647,0.8647,0.8647,0.8647,4.36154698740346,0.72000261682243,4.36154698740346,0.72000261682243,0.518403768231146,0.0309537964289803,0.173212075949366,0.708898251925859,NA,NA
"122","p",0.0276,0.0276,0.0276,0.0276,0.0276,0.0276,55.719401538168,9.19813887850467,55.719401538168,9.19813887850467,84.6057588282592,5.05179475146414,1.01384654430379,0.025843950013113,-0.0336935297173887,0.0160347387374378
"123","p",0.0108,0.0108,0.0108,0.0108,0.0108,0.0108,62.3526138597736,10.2931471962617,62.3526138597736,10.2931471962617,105.94887920391,6.32618865782273,1.23310899367088,0.00653492588886353,0.393480073934843,0.0106967335758022
"124","p",0.0643,0.0643,0.0643,0.0643,0.0643,0.0643,45.4596944003235,7.50447009345794,45.4596944003235,7.50447009345794,56.3170713836047,3.36268227569514,0.976063265822778,0.0306644277388687,NA,NA
"125","p",0.0017,0.0017,0.0017,0.0017,0.0017,0.0017,74.4064145243588,12.2829842990654,74.4064145243588,12.2829842990654,150.871703291088,9.00852246213526,1.35041746202531,0.0023409609703721,-0.0142532765108587,0.00749037463056154
"126","p",0.4673,0.4673,0.4673,0.4673,0.4673,0.4673,18.0959332367489,2.98727018691589,18.0959332367489,2.98727018691589,8.92378316963649,0.532837499526286,0.425743088607592,0.354179293809921,NA,NA
"127","p",0.0548,0.0548,0.0548,0.0548,0.0548,0.0548,48.7240264442217,8.04334485981308,48.7240264442217,8.04334485981308,64.6953965338816,3.86295057428869,0.882115094936703,0.0544678080882913,NA,NA
"128","p",0.0043,0.0043,0.0043,0.0043,0.0043,0.0043,71.2657588363462,11.7645259813084,71.2657588363462,11.7645259813084,138.404071564881,8.26408239812624,1.30904725316455,0.00414055364880647,0.0917509798294368,0.00749037463056154
"129","p",0.2004,0.2004,0.2004,0.2004,0.2004,0.2004,32.1481604062105,5.30700682242991,32.1481604062105,5.30700682242991,28.1643214133176,1.68168660224608,0.494568765822781,0.28662434375705,NA,NA
"130","p",0.1324,0.1324,0.1324,0.1324,0.1324,0.1324,35.1279382102422,5.79890747663551,35.1279382102422,5.79890747663551,33.6273279225793,2.00788174537722,0.644750563291135,0.135914208234652,NA,NA
"131","p",0.2271,0.2271,0.2271,0.2271,0.2271,0.2271,29.1302701572094,4.80881457943925,29.1302701572094,4.80881457943925,23.1246976594275,1.38077156783412,0.599744094936705,0.168311848977428,NA,NA
"132","p",0.6667,0.6667,0.6667,0.6667,0.6667,0.6667,10.7520483669394,1.77494429906542,10.7520483669394,1.77494429906542,3.15042726478484,0.188111449404005,0.380261329113921,0.419146856009246,NA,NA
"133","p",8e-04,8e-04,8e-04,8e-04,8e-04,8e-04,82.5268478202186,13.6235025233645,82.5268478202186,13.6235025233645,185.599821004119,11.0821321693307,1.54735911392404,0.000902355377144971,0.0972120550153791,0.00631065306357159
"134","p",0.7911,0.7911,0.7911,0.7911,0.7911,0.7911,6.5949775907166,1.08869654205607,-6.5949775907166,-1.08869654205607,1.18526016068485,0.0707716725408925,-0.0146649303797468,0.974457975085756,NA,NA
"135","p",0.8863,0.8863,0.8863,0.8863,0.8863,0.8863,3.53577111887812,0.583683831775701,-3.53577111887812,-0.583683831775701,0.340686815476364,0.0203423489151624,0.0108788037974682,0.980852062380779,NA,NA
"136","p",0.2857,0.2857,0.2857,0.2857,0.2857,0.2857,27.2032054124099,4.49069542056075,27.2032054124099,4.49069542056075,20.1663453602453,1.20412888032715,0.609243487341768,0.182154764018946,NA,NA
"137","p",0.7579,0.7579,0.7579,0.7579,0.7579,0.7579,7.67933496236065,1.26770186915888,7.67933496236065,1.26770186915888,1.60706802906891,0.095957745039271,0.254916424050631,0.578407272076981,NA,NA
"138","p",0.2504,0.2504,0.2504,0.2504,0.2504,0.2504,28.6492267883612,4.72940411214953,28.6492267883612,4.72940411214953,22.3672632560169,1.33554529486262,0.470399101265819,0.290085880162114,NA,NA
"139","p",0.2202,0.2202,0.2202,0.2202,0.2202,0.2202,31.726715005193,5.23743476635514,31.726715005193,5.23743476635514,27.4307229318255,1.63788356791592,0.632786348101261,0.180343474180598,NA,NA
"140","p",0.5248,0.5248,0.5248,0.5248,0.5248,0.5248,15.3359479553386,2.53165280373832,15.3359479553386,2.53165280373832,6.40926591867608,0.382696123492378,0.484111658227845,0.262520406217883,NA,NA
"141","p",0.1663,0.1663,0.1663,0.1663,0.1663,0.1663,32.4758413798919,5.36110028037383,32.4758413798919,5.36110028037383,28.7413962162244,1.71614363567858,0.617092056962021,0.149485739683548,NA,NA
"142","p",0.1222,0.1222,0.1222,0.1222,0.1222,0.1222,38.3164761956133,6.32527018691589,38.3164761956133,6.32527018691589,40.009042937487,2.38893280932539,0.903732405063285,0.0465535679966928,NA,NA
"143","p",0.8849,0.8849,0.8849,0.8849,0.8849,0.8849,3.67910097338384,0.607344672897197,3.67910097338384,0.607344672897197,0.368867551696604,0.0220250156425985,0.236919069620252,0.613721507717828,NA,NA
"144","p",0.0401,0.0401,0.0401,0.0401,0.0401,0.0401,51.5678183425912,8.51279700934579,51.5678183425912,8.51279700934579,72.4677129223267,4.3270341979291,0.909520430379741,0.0483551979639306,0.275297489544549,0.0162000416550343
"145","p",0.1057,0.1057,0.1057,0.1057,0.1057,0.1057,40.6331212349968,6.70770112149533,40.6331212349968,6.70770112149533,44.9932543353097,2.68653918185164,0.825047329113918,0.0723337088375174,NA,NA
"146","p",0.022,0.022,0.022,0.022,0.022,0.022,57.3145579529791,9.46146672897196,57.3145579529791,9.46146672897196,89.5193526634434,5.34518456193552,1.13551794303797,0.0138157785928774,0.140021046557565,0.0107960038672253
"147","p",0.0031,0.0031,0.0031,0.0031,0.0031,0.0031,72.1058681998468,11.9032109345794,72.1058681998468,11.9032109345794,141.686430553092,8.46007146717678,1.33241196202531,0.00230324501762908,-0.0200567725201204,0.00859313944111269
"148","p",0.7176,0.7176,0.7176,0.7176,0.7176,0.7176,8.88051445086405,1.46599214953271,8.88051445086405,1.46599214953271,2.14913298249154,0.128324346610823,0.411853626582276,0.356857666842782,NA,NA
"149","p",0.564,0.564,0.564,0.564,0.564,0.564,14.4228831518355,2.38092439252336,14.4228831518355,2.38092439252336,5.66880096291275,0.338483093209634,0.230910107594935,0.618465464941802,NA,NA
"150","p",0.0033,0.0033,0.0033,0.0033,0.0033,0.0033,72.1378170947807,11.908485046729,72.1378170947807,11.908485046729,141.812016108168,8.46757015824438,1.30388225316455,0.00284820970090077,0.0342946828278978,0.0081106470231364
"151","p",0.0663,0.0663,0.0663,0.0663,0.0663,0.0663,43.7828498588841,7.22765719626168,43.7828498588841,7.22765719626168,52.2390285466733,3.11918306612391,0.857103544303792,0.0485704156241006,NA,NA
"152","p",0.0721,0.0721,0.0721,0.0721,0.0721,0.0721,46.7892016387687,7.7239446728972,46.7892016387687,7.7239446728972,59.659321309977,3.56224742196849,0.916412411392399,0.049291082464583,NA,NA
"153","p",0.026,0.026,0.026,0.026,0.026,0.026,51.0497308321554,8.42727130841121,51.0497308321554,8.42727130841121,71.0189017055709,4.2405259388929,1.05564950632911,0.0133506964592062,0.160969193836494,0.0106967335758022
"154","p",0.0967,0.0967,0.0967,0.0967,0.0967,0.0967,40.3971643254359,6.66874943925234,40.3971643254359,6.66874943925234,44.4722190835283,2.65542826000978,0.637012924050628,0.150294770496745,NA,NA
"155","p",0.118,0.118,0.118,0.118,0.118,0.118,38.024366271098,6.27704878504673,38.024366271098,6.27704878504673,39.4013414498566,2.35264706201711,0.879807588607589,0.0452992962492506,NA,NA
"156","p",0.5923,0.5923,0.5923,0.5923,0.5923,0.5923,12.8186821080757,2.11610345794393,12.8186821080757,2.11610345794393,4.47789384472224,0.267374241844464,0.297432398734175,0.502264645715901,NA,NA
"157","p",0.2571,0.2571,0.2571,0.2571,0.2571,0.2571,27.9910392436596,4.62075074766355,27.9910392436596,4.62075074766355,21.3513374720333,1.27488454771627,0.563819202531642,0.206971518363322,NA,NA
"158","p",0.5928,0.5928,0.5928,0.5928,0.5928,0.5928,13.9133488621156,2.29681065420561,13.9133488621156,2.29681065420561,5.27533918127239,0.314989560488921,0.488500898734174,0.293316747916092,NA,NA
"159","p",0.1245,0.1245,0.1245,0.1245,0.1245,0.1245,38.7727447768159,6.4005908411215,38.7727447768159,6.4005908411215,40.9675631154484,2.44616587798715,0.864332550632905,0.059386117762005,NA,NA
"160","p",0.001,0.001,0.001,0.001,0.001,0.001,75.3812422093819,12.4439085046729,75.3812422093819,12.4439085046729,154.85085887267,9.24611713134807,1.27370503164556,0.00317379204482408,0.212449970543087,0.00859313944111269
"161","p",0.4253,0.4253,0.4253,0.4253,0.4253,0.4253,19.0679240016629,3.14772607476635,19.0679240016629,3.14772607476635,9.908179441764,0.591615625149971,0.304881835443036,0.48870118518328,NA,NA
"162","p",0.2017,0.2017,0.2017,0.2017,0.2017,0.2017,30.1659430132163,4.97978308411215,30.1659430132163,4.97978308411215,24.7982395648095,1.48069845615771,0.536261999999996,0.211971671112206,NA,NA
"163","p",0.3969,0.3969,0.3969,0.3969,0.3969,0.3969,20.6487995723808,3.40869644859813,20.6487995723808,3.40869644859813,11.6192114786855,0.693781042533119,0.612288588607591,0.171818596969662,NA,NA
"164","p",0.0548,0.0548,0.0548,0.0548,0.0548,0.0548,47.5656192868216,7.85211542056075,47.5656192868216,7.85211542056075,61.6557165778079,3.68145182691152,0.913804765822779,0.0419794291730395,NA,NA
"165","p",0.2759,0.2759,0.2759,0.2759,0.2759,0.2759,27.5651870204252,4.55045121495327,27.5651870204252,4.55045121495327,20.7066062596697,1.23638776215662,0.534959278481009,0.248519921510448,NA,NA
"166","p",0.1266,0.1266,0.1266,0.1266,0.1266,0.1266,38.2301927226419,6.31102654205608,38.2301927226419,6.31102654205608,39.8290560145363,2.37818582229653,0.783348867088602,0.0866208026029815,NA,NA
"167","p",0.1866,0.1866,0.1866,0.1866,0.1866,0.1866,31.9777991359301,5.27888364485981,31.9777991359301,5.27888364485981,27.8666125359684,1.66391045834187,0.592365278481009,0.180717841029849,NA,NA
"168","p",0.0732,0.0732,0.0732,0.0732,0.0732,0.0732,41.3936530362607,6.83324943925234,41.3936530362607,6.83324943925234,46.6932978990424,2.78804847946291,0.654701784810122,0.130983988316938,NA,NA
"169","p",0.1582,0.1582,0.1582,0.1582,0.1582,0.1582,35.612365389007,5.87887654205607,35.612365389007,5.87887654205607,34.5611893967372,2.06364244723821,0.775932683544298,0.0873632172931015,NA,NA
"170","p",0.2819,0.2819,0.2819,0.2819,0.2819,0.2819,26.8008677524822,4.4242776635514,26.8008677524822,4.4242776635514,19.5742328441999,1.16877394772845,0.585602835443034,0.197211197424236,NA,NA
"171","p",0.8485,0.8485,0.8485,0.8485,0.8485,0.8485,4.65687257869571,0.768754859813084,4.65687257869571,0.768754859813084,0.590984034486234,0.0352875511663098,0.111739474683544,0.802020727321133,NA,NA
"172","p",3e-04,3e-04,3e-04,3e-04,3e-04,3e-04,85.4012128969255,14.098001682243,85.4012128969255,14.098001682243,198.753651432526,11.8675450353127,1.67739043037974,0.000141265664556371,0.00323218155836824,0.00859313944111269
"173","p",0.2112,0.2112,0.2112,0.2112,0.2112,0.2112,32.0012627467702,5.28275700934579,32.0012627467702,5.28275700934579,27.9075216197921,1.66635313243178,0.610065354430376,0.183422409318256,NA,NA
"174","p",0.0025,0.0025,0.0025,0.0025,0.0025,0.0025,77.6804518808552,12.8234612149533,77.6804518808552,12.8234612149533,164.441157531411,9.81875215170812,1.26275160759493,0.005142207152549,0.199105403156667,0.00859313944111269
"175","p",0.6164,0.6164,0.6164,0.6164,0.6164,0.6164,12.9747710263407,2.14187056074766,12.9747710263407,2.14187056074766,4.58760949899751,0.273925343969159,0.42755377848101,0.367943898258084,NA,NA
"176","p",0.0428,0.0428,0.0428,0.0428,0.0428,0.0428,52.5068043642369,8.66780448598131,52.5068043642369,8.66780448598131,75.1308346071977,4.48604871817531,0.934119987341766,0.0480481637895281,0.659978234220614,0.00751193161763578
"177","p",0.0014,0.0014,0.0014,0.0014,0.0014,0.0014,82.4549493608274,13.6116335514019,82.4549493608274,13.6116335514019,185.276567937649,11.0628307864556,1.43877951265822,0.00139811652627776,0.273512796439568,0.00504668527960921
"178","p",0.8194,0.8194,0.8194,0.8194,0.8194,0.8194,5.4337572910252,0.897002710280374,-5.4337572910252,-0.897002710280374,0.804613862250336,0.0480433500339208,-0.088624297468354,0.840184432127982,NA,NA
"179","p",0.4536,0.4536,0.4536,0.4536,0.4536,0.4536,20.1589804903795,3.32783728971963,20.1589804903795,3.32783728971963,11.0745010268485,0.661256478723653,0.393006405063288,0.40605339650109,NA,NA
"180","p",0.8041,0.8041,0.8041,0.8041,0.8041,0.8041,6.00846261613784,0.991874859813084,6.00846261613784,0.991874859813084,0.983815737529225,0.0587434620064883,0.0691081012658225,0.873910893253528,NA,NA
"181","p",0.5037,0.5037,0.5037,0.5037,0.5037,0.5037,16.6599659147223,2.75022121495327,16.6599659147223,2.75022121495327,7.56371673117905,0.451628175354999,0.384607348101263,0.387687519654985,NA,NA
"182","p",0.0054,0.0054,0.0054,0.0054,0.0054,0.0054,71.3092190257477,11.7717003738318,71.3092190257477,11.7717003738318,138.572929691271,8.27416488669978,1.42118465189872,0.00209384631521169,0.165443275342366,0.0081106470231364
"183","p",0.0083,0.0083,0.0083,0.0083,0.0083,0.0083,68.4794815160646,11.304568317757,68.4794815160646,11.304568317757,127.793264850836,7.63051302401752,1.25696131645569,0.00593655349922594,0.00591111861021854,0.0081106470231364
"184","p",0.0766,0.0766,0.0766,0.0766,0.0766,0.0766,44.4472904035067,7.33734280373832,44.4472904035067,7.33734280373832,53.8365994195705,3.21457373766409,0.848154101265817,0.0590469302292376,NA,NA
"185","p",0.7865,0.7865,0.7865,0.7865,0.7865,0.7865,6.40352030087458,1.0570908411215,6.40352030087458,1.0570908411215,1.11744104638295,0.066722205336482,0.121682120253164,0.77729096053765,NA,NA
"186","p",0.0138,0.0138,0.0138,0.0138,0.0138,0.0138,62.9318398009451,10.3887656074766,62.9318398009451,10.3887656074766,107.926450847089,6.4442691074992,1.06572943670885,0.0191359048902154,0.16412167228125,0.0120363591120299
"187","p",0.1192,0.1192,0.1192,0.1192,0.1192,0.1192,35.9556225317086,5.93554130841122,35.9556225317086,5.93554130841122,35.2306506238559,2.10361585756283,0.64776144303797,0.11828426791343,NA,NA
"188","p",0.7743,0.7743,0.7743,0.7743,0.7743,0.7743,7.35699267489519,1.21448971962617,7.35699267489519,1.21448971962617,1.47498527907765,0.088071107623498,0.17199705063291,0.712138245629927,NA,NA
"189","p",0.1271,0.1271,0.1271,0.1271,0.1271,0.1271,35.6793990201209,5.88994242990654,35.6793990201209,5.88994242990654,34.6914218276134,2.07141860243004,0.925225436708855,0.0315970698191966,NA,NA
"190","p",0.0674,0.0674,0.0674,0.0674,0.0674,0.0674,47.4273767530303,7.82929439252336,47.4273767530303,7.82929439252336,61.2978506847978,3.66008371834451,0.801734791139235,0.0931410104182686,NA,NA
"191","p",0.1443,0.1443,0.1443,0.1443,0.1443,0.1443,36.7854327033066,6.07252607476636,36.7854327033066,6.07252607476636,36.8755729287173,2.20183387464997,0.681691816455692,0.133703806917601,NA,NA
"192","p",0.0541,0.0541,0.0541,0.0541,0.0541,0.0541,48.2299086724602,7.96177607476636,48.2299086724602,7.96177607476636,63.389878264722,3.78499831156543,0.933907069620247,0.0403206949649215,NA,NA
"193","p",0.2406,0.2406,0.2406,0.2406,0.2406,0.2406,29.5058651320062,4.8708176635514,29.5058651320062,4.8708176635514,23.7248647115643,1.41660743534452,0.662452537974679,0.141775656932939,NA,NA
"194","p",0.0188,0.0188,0.0188,0.0188,0.0188,0.0188,54.1275927004084,8.93536364485981,54.1275927004084,8.93536364485981,79.8407234658824,4.76727534087579,0.947816569620247,0.0232610463386764,0.361509917594639,0.0106967335758022
"195","p",0.0474,0.0474,0.0474,0.0474,0.0474,0.0474,46.6145411125897,7.69511177570093,46.6145411125897,7.69511177570093,59.2147452405312,3.53570186425047,0.871836651898728,0.0407989112385704,0.191509502215565,0.0190394797127077
"196","p",0.2477,0.2477,0.2477,0.2477,0.2477,0.2477,29.3523878107205,4.84548168224299,29.3523878107205,4.84548168224299,23.4786927329524,1.40190855046088,0.602144721518983,0.183567116797514,NA,NA
"197","p",0.2664,0.2664,0.2664,0.2664,0.2664,0.2664,26.4563809569214,4.36740990654206,26.4563809569214,4.36740990654206,19.0742692917617,1.13892121329157,0.576176253164553,0.186569880050917,NA,NA
"198","p",0.2962,0.2962,0.2962,0.2962,0.2962,0.2962,24.895366091521,4.10971813084112,24.895366091521,4.10971813084112,16.8897831149642,1.00848593376182,0.346017924050631,0.42665646847104,NA,NA
"199","p",0.6244,0.6244,0.6244,0.6244,0.6244,0.6244,12.0674751743265,1.99209448598131,-12.0674751743265,-1.99209448598131,3.96844044107714,0.236954870086637,-0.184685215189872,0.680097357470334,NA,NA
"200","p",0.1404,0.1404,0.1404,0.1404,0.1404,0.1404,38.6992311242355,6.38845523364486,38.6992311242355,6.38845523364486,40.8123602722844,2.43689874393662,0.843124246835437,0.0771662999419591,NA,NA
