"","X","pLW","pLU","pQU","pQH","pMin","pFisher","SW","SL","SWwin","SLwin","SC","SQ","CMCBeta","pBeta","muBk","muPk"
"1","p",0.6182,0.7201,0.5439,0.6747,0.7637,0.6882,24.6846871227053,2.78315370716511,24.6846871227053,2.78315370716511,32.5657394931353,2.06467400734204,0.00452117162162159,0.982269921849761,NA,NA
"2","p",0.5618,0.8569,0.5051,0.5078,0.6474,0.5575,30.2107330348446,1.45280398753894,30.2107330348446,1.45280398753894,36.8216230301615,3.08596016111556,-0.08145359054054,0.692429264244378,NA,NA
"3","p",0.1309,0.2547,0.3764,0.2302,0.1829,0.1591,78.2370526665787,9.24484809968847,78.2370526665787,9.24484809968847,50.2698019275127,5.43189869048399,0.073529413513513,0.722733113027368,NA,NA
"4","p",0.4157,0.7143,0.8474,0.5821,0.5468,0.5051,42.6548983604951,2.99146775700935,42.6548983604951,2.99146775700935,11.9040019455293,2.7289533599663,-0.109226249999999,0.600517188124519,NA,NA
"5","p",0.403,0.5059,0.7989,0.7896,0.5313,0.5914,45.3805338106297,5.64906619937695,-45.3805338106297,-5.64906619937695,15.9371785355167,1.6776603123735,0.0152014675675676,0.942661084460568,NA,NA
"6","p",0.9929,0.8026,0.9583,0.9773,0.9975,0.998,0.425840090379338,1.99682158878505,-0.425840090379338,-1.99682158878505,4.91589742167916,0.398398122108306,-0.0794219635135131,0.691802895572684,NA,NA
"7","p",0.5893,0.4535,0.6411,0.5649,0.7154,0.6103,28.1559139796498,6.0606038317757,28.1559139796498,6.0606038317757,25.6947129771418,2.82991406484585,-0.0382979189189187,0.853084518165902,NA,NA
"8","p",0.8152,0.2546,0.0969,0.1166,0.1665,0.3009,12.3405925083101,9.18810386292835,-12.3405925083101,-9.18810386292835,110.378583760255,7.22222910562926,-0.345833272972971,0.0897977558103005,NA,NA
"9","p",0.7908,0.313,0.2919,0.2492,0.343,0.45,14.245621002868,8.28375660436137,-14.245621002868,-8.28375660436137,64.9675996521328,5.46244024040112,-0.17847911081081,0.399388305625892,NA,NA
"10","p",0.5278,0.7712,0.9278,0.7462,0.6692,0.6646,31.6226018097311,2.23385230529595,31.6226018097311,2.23385230529595,6.11326716187084,1.61135124216828,0.101711883783783,0.605169125799656,NA,NA
"11","p",0.7811,0.9113,0.8997,0.8516,0.9038,0.8759,15.0584675047649,0.891693457943925,15.0584675047649,-0.891693457943925,8.97141630761289,1.30182444155768,0.0122266337837837,0.954238481967831,NA,NA
"12","p",0.8659,0.7269,0.7415,0.7227,0.8585,0.853,9.01736421615052,2.83802591900312,9.01736421615052,-2.83802591900312,18.8514794891451,1.9665563622865,-0.12585646081081,0.552726514221744,NA,NA
"13","p",0.9138,0.9592,0.9184,0.9737,0.9801,0.9819,5.62467703625964,0.432176947040498,-5.62467703625964,-0.432176947040498,7.41946777171441,0.422953166617861,0.019875512162162,0.924494998733515,NA,NA
"14","p",0.7121,0.5303,0.5932,0.8171,0.8497,0.8225,19.2864063221733,5.12031897196262,-19.2864063221733,-5.12031897196262,29.0473164476403,1.3497361460487,-0.0981536999999994,0.634838200748902,NA,NA
"15","p",0.8366,0.9828,0.1094,0.261,0.3579,0.4757,10.6284842879049,0.169382242990653,10.6284842879049,0.169382242990653,109.693197963291,5.17951809461454,0.0140922608108107,0.946153076247638,NA,NA
"16","p",0.778,0.2842,0.0579,0.1073,0.1503,0.2792,13.5951959758438,8.43686542056075,13.5951959758438,8.43686542056075,132.524515071824,7.40931944600423,0.282034544594593,0.164133669768554,NA,NA
"17","p",0.875,0.7557,0.9701,0.9933,0.9596,0.9736,8.11710968461999,2.52159909657321,8.11710968461999,2.52159909657321,3.88982704617631,0.230744572262485,0.0709608027027023,0.735531850865325,NA,NA
"18","p",0.1927,0.7083,0.533,0.073,0.106,0.1071,65.7194508941912,2.93914563862928,65.7194508941912,2.93914563862928,31.9177344977556,8.1007588943352,-0.147665786486486,0.457534136481689,NA,NA
"19","p",0.4598,0.8523,0.9455,0.3901,0.5181,0.4308,39.0365943966432,1.57858171339564,39.0365943966432,1.57858171339564,5.80737334707687,3.93638411266603,-0.0337533864864863,0.870852306993103,NA,NA
"20","p",0.7923,0.531,0.759,0.8805,0.9095,0.8973,14.7187671737434,5.22264498442368,14.7187671737434,5.22264498442368,18.3272090881885,1.1126609690012,0.209645082432431,0.326393742903994,NA,NA
"21","p",0.4472,0.5338,0.8432,0.8132,0.5829,0.636,40.4824381253196,5.12776345794393,-40.4824381253196,-5.12776345794393,13.1746493049297,1.5413189229165,-0.144161963513513,0.498025029271556,NA,NA
"22","p",0.1844,0.1287,0.1638,0.356,0.2574,0.243,68.2171725381927,12.1967585358255,68.2171725381927,12.1967585358255,86.4068725406449,4.10294242448025,0.378332418918917,0.0653758623352662,NA,NA
"23","p",0.5903,0.8362,0.5026,0.2359,0.3243,0.3721,27.2553968732375,1.64024143302181,27.2553968732375,-1.64024143302181,35.6274491569906,5.18744474735196,-0.227285232432431,0.260388922537211,NA,NA
"24","p",0.8843,0.5375,0.297,0.2493,0.3445,0.4823,7.7199409507066,5.03578345794392,7.7199409507066,-5.03578345794392,61.3767675298793,5.29395309608446,-0.211867370270269,0.306342098433199,NA,NA
"25","p",0.2178,0.1492,0.3147,0.4895,0.3022,0.3221,62.7739209394024,11.4715444859813,-62.7739209394024,-11.4715444859813,54.8207155607416,3.04780819209384,-0.311873477027025,0.121601453202123,NA,NA
"26","p",0.586,0.9217,0.7327,0.6111,0.734,0.6343,26.9797240757928,0.792274080996884,26.9797240757928,0.792274080996884,17.4562609902149,2.20116497246895,-0.0761079675675671,0.69702376764983,NA,NA
"27","p",0.51,0.5238,0.812,0.6115,0.6574,0.5898,35.3648016456466,5.37057570093458,35.3648016456466,5.37057570093458,14.7417086012652,2.68031306347681,0.0521962581081078,0.806815372489754,NA,NA
"28","p",0.597,0.5824,0.9018,0.9655,0.7495,0.8233,28.873460930739,4.71616034267913,28.873460930739,4.71616034267913,9.02573356107093,0.589531736596658,0.170361159459458,0.430597458226451,NA,NA
"29","p",0.1217,0.1171,0.331,0.3912,0.1733,0.2017,83.7490326153553,13.1786496884735,83.7490326153553,13.1786496884735,60.4263728645497,4.21849605786768,0.244730482432431,0.253175217614524,NA,NA
"30","p",0.96,0.8691,0.7005,0.8523,0.9484,0.9541,2.601861416949,1.33713492211838,-2.601861416949,1.33713492211838,22.0682802225359,1.18899826966214,-0.0430808905405402,0.837717819693739,NA,NA
"31","p",0.7291,0.6029,0.8162,0.9041,0.8607,0.8725,18.7080645918937,4.4354361682243,-18.7080645918937,-4.4354361682243,14.4946766520203,0.911482265694209,-0.0437956945945943,0.837670823584854,NA,NA
"32","p",0.5793,0.4782,0.5061,0.5835,0.7255,0.6119,29.3737765772843,5.81864591900311,-29.3737765772843,-5.81864591900311,37.1479452313993,2.72690278749288,-0.197179190540539,0.338742327251779,NA,NA
"33","p",0.8672,0.9602,0.7562,0.9014,0.9553,0.9369,8.50810714953213,0.399290373831776,-8.50810714953213,-0.399290373831776,18.1279192268272,0.910644731172975,0.0168837445945945,0.935882705720083,NA,NA
"34","p",0.8735,0.9403,0.7646,0.5405,0.6817,0.7376,8.31456428432482,0.599132616822429,-8.31456428432482,-0.599132616822429,17.8379014761854,2.91369405937227,-0.052249605405405,0.804755941769978,NA,NA
"35","p",0.2529,0.4667,0.7625,0.4708,0.347,0.339,61.7905347271882,6.22096775700935,61.7905347271882,6.22096775700935,18.7754038793237,3.63459610235292,-0.0555108040540537,0.79595248010696,NA,NA
"36","p",0.8678,0.3501,0.2463,0.2996,0.4056,0.5303,8.9053726981333,7.84626741433022,-8.9053726981333,-7.84626741433022,72.5920740533912,4.86241014800308,-0.245449299999999,0.242181834044833,NA,NA
"37","p",0.3338,0.9281,0.3977,0.1022,0.1442,0.1694,52.6829800679624,0.7932785046729,52.6829800679624,0.7932785046729,51.550633828649,8.52533757186661,-0.0974442729729725,0.649565195779084,NA,NA
"38","p",0.7284,0.5463,0.1641,0.3371,0.4492,0.5066,19.41822395937,5.13176813084112,-19.41822395937,-5.13176813084112,93.1780386772436,4.53838639238666,-0.0835654702702697,0.69219332909159,NA,NA
"39","p",0.3946,0.3411,0.4496,0.6153,0.5253,0.5116,42.1504148425244,7.3900184423676,42.1504148425244,7.3900184423676,38.7707654639686,2.25349175572042,0.217457958108107,0.26880415825045,NA,NA
"40","p",0.5251,0.7857,0.0793,0.0485,0.0707,0.1451,33.499679207479,2.21305965732087,33.499679207479,-2.21305965732087,125.084761255031,10.2664572723992,-0.256067386486485,0.217529878078731,NA,NA
"41","p",0.3453,0.3844,0.7072,0.7609,0.4623,0.5355,52.0431195157476,7.46387570093458,52.0431195157476,7.46387570093458,22.828225538583,1.84278220055648,0.114682812162161,0.599125236915959,NA,NA
"42","p",0.9938,0.8865,0.7917,0.9264,0.9852,0.9895,0.375818284888244,1.06808180685358,0.375818284888244,-1.06808180685358,13.7750863363445,0.700533734299736,-0.0965059162162156,0.623855021758576,NA,NA
"43","p",0.0801,0.1505,0.0651,0.0482,0.0684,0.0534,89.8024913911701,11.4792630529595,89.8024913911701,11.4792630529595,125.13832091304,9.29117818579539,0.239393097297296,0.235804403827916,NA,NA
"44","p",0.1215,0.1958,0.4051,0.1143,0.1609,0.1059,79.28050993992,10.2168246417445,79.28050993992,10.2168246417445,43.5019824301335,7.09781138075854,0.0773471486486483,0.69846360529054,NA,NA
"45","p",0.6797,0.6261,0.8381,0.954,0.8248,0.8711,21.2384834935821,3.85978183800623,-21.2384834935821,-3.85978183800623,12.1442635758088,0.589090006650357,-0.0726955594594591,0.717621173026082,NA,NA
"46","p",0.8707,0.4286,0.2631,0.3641,0.4843,0.589,8.41286061073649,6.39333750778816,8.41286061073649,6.39333750778816,69.4517313102272,4.19655095467307,0.219093570270269,0.30099271283744,NA,NA
"47","p",0.8873,0.8126,0.8218,0.9402,0.9684,0.9622,7.04985365592883,1.86152386292835,-7.04985365592883,-1.86152386292835,12.4887409491381,0.61586707051395,-0.0422961067567566,0.831645489978898,NA,NA
"48","p",0.4449,0.4897,0.3405,0.5067,0.5851,0.4874,38.6705255625179,5.43912133956386,38.6705255625179,5.43912133956386,53.5413832398103,3.06363213765376,0.136313293243242,0.500526773807806,NA,NA
"49","p",0.3587,0.4728,0.8402,0.7666,0.4805,0.5468,49.718931752111,6.06735124610592,-49.718931752111,-6.06735124610592,13.4917123069512,1.81426627016289,-0.0518572202702699,0.810549080878164,NA,NA
"50","p",0.1876,0.4123,0.5363,0.2629,0.2641,0.2078,66.1375986292245,6.46211143302181,66.1375986292245,6.46211143302181,32.6053053992738,4.80414041916349,-0.0406591067567565,0.841305575885377,NA,NA
"51","p",0.6578,0.9986,0.3495,0.3017,0.4094,0.454,22.4748367408576,0.0100840809968841,-22.4748367408576,-0.0100840809968841,52.2968080610906,4.5956483888048,-0.00940773378378373,0.963389736100458,NA,NA
"52","p",0.9808,0.9377,0.6565,0.8569,0.9549,0.9662,1.3554948128599,0.658861246105918,-1.3554948128599,0.658861246105918,22.9562658599989,1.15469866607718,-0.0736689621621617,0.713834917193246,NA,NA
"53","p",0.6834,0.6306,0.5544,0.683,0.8252,0.7322,21.6749836918312,4.02207866043614,-21.6749836918312,-4.02207866043614,34.2670197181567,2.21986975542998,-0.109855967567567,0.60463995864004,NA,NA
"54","p",0.9514,0.6554,0.7037,0.8342,0.9412,0.9475,3.18104276659122,3.49918074766355,-3.18104276659122,-3.49918074766355,19.3240700324809,1.24414938836802,-0.230133985135134,0.240612051814949,NA,NA
"55","p",0.4016,0.3206,0.6301,0.7942,0.5308,0.5941,43.6231215808848,8.05635657320872,-43.6231215808848,-8.05635657320872,26.016900461315,1.50958254499065,-0.172090741891891,0.404490700922311,NA,NA
"56","p",0.7194,0.7531,0.633,0.8476,0.8558,0.8397,18.2840549806686,2.5719546105919,-18.2840549806686,-2.5719546105919,26.6877277698263,1.30217650453765,0.00267775270270278,0.989666762216733,NA,NA
"57","p",0.3779,0.384,0.3027,0.5083,0.501,0.4476,45.6153701878131,7.04771339563863,45.6153701878131,7.04771339563863,61.1383719787412,3.04522344996054,0.0653186540540537,0.752461708330948,NA,NA
"58","p",0.8426,0.9702,0.8309,0.8676,0.9442,0.9175,10.960928725245,0.292506043613707,10.960928725245,0.292506043613707,13.7212547408855,1.20016526863087,-0.180337056756756,0.394610121913811,NA,NA
"59","p",0.4004,0.5584,0.5404,0.5187,0.5297,0.463,45.2289302619044,4.90732130841121,45.2289302619044,4.90732130841121,35.21247477594,3.16173235187928,0.0262618783783782,0.90114749231842,NA,NA
"60","p",0.3763,0.2438,0.5062,0.7036,0.5002,0.5341,45.6264642551238,9.16596242990654,45.6264642551238,9.16596242990654,34.1202361864208,1.95566813451957,0.133360889189188,0.49679729381075,NA,NA
"61","p",0.9359,0.7875,0.8263,0.7731,0.8993,0.9111,4.2773370061985,2.21679146417445,-4.2773370061985,2.21679146417445,13.9841493894253,1.75938250337592,0.16356026081081,0.438753410278792,NA,NA
"62","p",0.6809,0.906,0.7949,0.53,0.6773,0.6353,21.6384361709525,0.963363676012461,-21.6384361709525,-0.963363676012461,14.8933021376501,3.00026178039969,-0.0795279918918913,0.699897987977288,NA,NA
"63","p",0.5872,0.5144,0.8051,0.9237,0.7344,0.7907,28.1707556274828,5.25913626168224,28.1707556274828,5.25913626168224,13.5336075995822,0.694661460405779,0.146870635135134,0.469824513521105,NA,NA
"64","p",0.8286,0.7308,0.7158,0.8576,0.9343,0.9036,10.3840196262295,2.66950579439252,-10.3840196262295,-2.66950579439252,18.2899334139962,1.05046141590173,-0.19384195135135,0.32436645555508,NA,NA
"65","p",0.7618,0.8184,0.9305,0.9216,0.8889,0.8995,15.7980123954552,1.82007806853583,15.7980123954552,1.82007806853583,6.45806504849075,0.800439116798906,-0.0807510297297293,0.691366923515697,NA,NA
"66","p",0.9325,0.614,0.5755,0.4733,0.6126,0.7103,4.78002130553226,4.18156604361371,4.78002130553226,4.18156604361371,32.8964005649248,3.6310376601688,0.0924643594594589,0.669985292276543,NA,NA
"67","p",0.3664,0.425,0.1833,0.3238,0.4367,0.3391,47.6861764225862,6.55238236760125,47.6861764225862,6.55238236760125,86.2246924417655,4.65654248111029,0.0779874513513509,0.709506561577683,NA,NA
"68","p",0.967,0.6899,0.8326,0.8738,0.9619,0.9683,2.30394790155008,3.3262754517134,2.30394790155008,3.3262754517134,13.4665652682061,1.17275939660523,0.190705741891891,0.364796398594936,NA,NA
"69","p",0.4872,0.4186,0.3163,0.4862,0.6265,0.5002,35.5394572143243,6.43354218068536,-35.5394572143243,-6.43354218068536,55.6418336523105,3.03532042482855,-0.374459370270268,0.060961842778694,NA,NA
"70","p",0.6272,0.6184,0.8331,0.9069,0.7732,0.8136,25.1704112192313,4.09543118380062,-25.1704112192313,-4.09543118380062,13.018693095652,0.838672180120983,-0.0760857094594591,0.715155811272675,NA,NA
"71","p",0.4666,0.5547,0.7509,0.7642,0.6043,0.63,36.7621893640954,4.70367647975078,36.7621893640954,4.70367647975078,17.0456116962845,1.56868706059382,0.0113281972972972,0.95540760561682,NA,NA
"72","p",0.3099,0.1081,0.0724,0.1856,0.258,0.2235,51.611839425628,12.8375930529595,-51.611839425628,-12.8375930529595,125.221233625633,5.8276707235179,-0.365304913513511,0.0735745347377811,NA,NA
"73","p",0.3751,0.4518,0.3394,0.2607,0.3556,0.3017,47.2082195229034,6.32805065420561,47.2082195229034,6.32805065420561,57.7327303412201,5.31652665754011,-0.0204972810810808,0.922073984419531,NA,NA
"74","p",0.6511,0.6344,0.7434,0.8612,0.7992,0.8098,25.187554257079,4.15077264797508,25.187554257079,4.15077264797508,21.1472203273909,1.4006671013142,0.0298360324324322,0.890377721858221,NA,NA
"75","p",0.4775,0.5364,0.9115,0.8965,0.6146,0.6993,38.7186610993497,5.2726553271028,38.7186610993497,5.2726553271028,8.70283082110782,1.01159510182323,0.0429202378378375,0.843972202121457,NA,NA
"76","p",0.795,0.9205,0.9084,0.9353,0.9179,0.9257,14.1110202387814,0.801257165109035,-14.1110202387814,-0.801257165109035,8.99626766706016,0.850721964431919,0.0284468337837837,0.895354396295772,NA,NA
"77","p",0.2723,0.6039,0.4217,0.162,0.2231,0.1949,58.4192804283075,4.35956968847352,58.4192804283075,4.35956968847352,47.4713660034525,6.83200069348961,-0.0490200878378374,0.816405149299161,NA,NA
"78","p",0.2588,0.1143,0.2243,0.3038,0.353,0.2668,60.3761141782643,13.181485576324,-60.3761141782643,-13.181485576324,80.0124243128869,4.90898781322454,-0.312157533783782,0.14053327660129,NA,NA
"79","p",0.4486,0.8059,0.8249,0.5414,0.5851,0.505,40.7858686868426,1.99603788161994,40.7858686868426,1.99603788161994,14.1603819266086,3.1134030574034,-0.14899584054054,0.477521390287225,NA,NA
"80","p",0.5464,0.5815,0.6764,0.7761,0.6924,0.6975,30.4836837287302,4.44948158878505,30.4836837287302,4.44948158878505,22.2900880579259,1.48598045618429,0.102385175675675,0.618329949384977,NA,NA
"81","p",0.2145,0.5216,0.4055,0.1363,0.1928,0.1574,64.6716826435843,5.32403177570094,-64.6716826435843,-5.32403177570094,47.1946785927293,6.9470390259524,0.0882009891891887,0.669010640795649,NA,NA
"82","p",0.3181,0.4409,0.6153,0.4065,0.4283,0.3547,53.8942151877072,6.5306030529595,53.8942151877072,6.5306030529595,29.0606314391462,3.98472840036453,0.0336294945945943,0.874193014928085,NA,NA
"83","p",0.737,0.9166,0.8218,0.7654,0.8658,0.8081,16.5344628619686,0.768342242990653,16.5344628619686,-0.768342242990653,11.9908924610611,1.50592514479514,-0.17088471081081,0.39033255905579,NA,NA
"84","p",0.8546,0.6634,0.7616,0.9194,0.9506,0.9415,10.2420255688292,3.75442299065421,10.2420255688292,3.75442299065421,18.30519608188,0.97041947031154,0.070738759459459,0.738472743003971,NA,NA
"85","p",0.6609,0.5259,0.5175,0.7796,0.8061,0.7751,25.3911689494141,5.61233186915888,25.3911689494141,5.61233186915888,40.2804211177334,1.8707417893655,0.156195502702702,0.476978456192079,NA,NA
"86","p",0.2304,0.1349,0.3153,0.4429,0.3148,0.3104,65.2062853076924,12.6348771962617,65.2062853076924,12.6348771962617,63.3038793106378,3.74849223369003,0.457129033783781,0.0318073994720472,NA,NA
"87","p",0.8378,0.837,0.9393,0.9209,0.9411,0.9359,10.8154784141928,1.72016666666667,10.8154784141928,1.72016666666667,6.22447696966667,0.83706705205453,-0.095635732432432,0.649103145292376,NA,NA
"88","p",0.1448,0.1414,0.3539,0.3439,0.2053,0.2082,74.2005139294347,11.6456139252336,-74.2005139294347,-11.6456139252336,51.6534133083117,4.16745880248011,-0.339381243243241,0.0966771384927161,NA,NA
"89","p",0.3715,0.3985,0.4266,0.55,0.4935,0.4597,47.2555296994998,6.9689691588785,-47.2555296994998,-6.9689691588785,44.9270581477699,2.8187557870681,0.00552605270270268,0.978722616082666,NA,NA
"90","p",0.2267,0.4968,0.8257,0.359,0.3173,0.276,62.6715140819658,5.55785445482866,62.6715140819658,5.55785445482866,13.492307798377,4.19376205200154,-0.0055998959459459,0.978471800834156,NA,NA
"91","p",0.9327,0.6143,0.7059,0.8196,0.9287,0.9313,4.37515050836115,4.37503489096573,4.37515050836115,4.37503489096573,24.4211171207206,1.64049424828134,0.237426225675674,0.285214522302509,NA,NA
"92","p",0.0517,0.0708,0.2646,0.1921,0.0743,0.0896,98.3187465879076,14.126851152648,98.3187465879076,14.126851152648,61.6329430187672,5.67443603911251,0.197130436486485,0.3246468846427,NA,NA
"93","p",0.8368,0.8597,0.5159,0.6306,0.7779,0.7819,11.5527102888617,1.5034045482866,11.5527102888617,-1.5034045482866,39.9425341374504,2.63207604076044,-0.0692348527027023,0.75145625122108,NA,NA
"94","p",0.5185,0.2315,0.0656,0.1708,0.2376,0.2856,31.1238384164253,9.12792838006231,-31.1238384164253,-9.12792838006231,114.07325094346,5.39032465243343,-0.345079245945944,0.070099470535113,NA,NA
"95","p",0.9179,0.7105,0.0539,0.1721,0.2392,0.3979,5.41568233988064,3.19929258566979,5.41568233988064,3.19929258566979,150.130884185837,6.77590528297815,0.0199838648648648,0.925850816814275,NA,NA
"96","p",0.6245,0.928,0.5646,0.4335,0.5666,0.5399,26.8478700306383,0.800965919003115,26.8478700306383,0.800965919003115,33.7622032364753,3.85293521863668,-0.184664624324323,0.389581721874513,NA,NA
"97","p",0.3833,0.7894,0.3524,0.2213,0.3047,0.2831,47.7655543422326,2.29432641744548,47.7655543422326,2.29432641744548,58.7704549410989,6.02628484206966,-0.0714135270270266,0.740881259194151,NA,NA
"98","p",0.5406,0.4138,0.5228,0.8013,0.6837,0.7037,33.4488050576518,7.02007355140187,-33.4488050576518,-7.02007355140187,38.3328714984192,1.61770949973951,-0.183265074324323,0.398564843242009,NA,NA
"99","p",0.6793,0.6021,0.3045,0.5734,0.7192,0.6635,21.9759296467079,4.33344018691589,-21.9759296467079,-4.33344018691589,62.8750477720823,2.85028888333345,-0.24375850135135,0.250290686864494,NA,NA
"100","p",0.9579,0.9705,0.8985,0.8976,0.9726,0.9709,3.08671879959598,0.34385738317757,3.08671879959598,0.34385738317757,9.87099359243488,1.13261503926872,-0.0647920297297293,0.766516881533027,NA,NA
"101","p",0.3408,0.1956,0.3309,0.6013,0.4569,0.4615,49.1550636653032,10.278542211838,49.1550636653032,10.278542211838,52.8695655301567,2.40702922611777,0.23637735135135,0.233469687199966,NA,NA
"102","p",0.3016,0.4556,0.2094,0.0711,0.0991,0.1332,54.5095093920161,6.23635398753894,54.5095093920161,6.23635398753894,80.4730451283244,9.22108452527644,0.0361998499999999,0.861556604701154,NA,NA
"103","p",0.9375,0.4935,0.4055,0.1091,0.1554,0.3099,4.35099337514708,5.65525236760124,4.35099337514708,-5.65525236760124,49.5180368359042,7.79086057149823,-0.00660616081081075,0.975066472838028,NA,NA
"104","p",0.6451,0.7884,0.9857,0.9523,0.791,0.846,25.4532532527639,2.33856261682243,25.4532532527639,2.33856261682243,2.86829435524984,0.676677113884131,-0.0555079256756754,0.799191778685547,NA,NA
"105","p",0.4313,0.4867,0.8309,0.6919,0.5662,0.5714,41.991135818988,5.69590841121495,41.991135818988,5.69590841121495,13.4097304007306,2.11047329535423,0.121872798648648,0.557892419905193,NA,NA
"106","p",0.6301,0.8364,0.9755,0.9117,0.7735,0.8144,23.6459153536106,1.55526763239875,-23.6459153536106,-1.55526763239875,3.03389445040945,0.810253600695746,0.0571866513513509,0.773217450594971,NA,NA
"107","p",0.8129,0.5787,0.7853,0.9187,0.9278,0.9259,11.9117748557623,4.4506754517134,-11.9117748557623,-4.4506754517134,15.8818788705893,0.843180998150103,-0.208968472972972,0.310312975847197,NA,NA
"108","p",0.7818,0.608,0.4625,0.7522,0.8789,0.8233,14.0980497114638,4.02698193146417,14.0980497114638,4.02698193146417,38.6817095337182,1.65823198086404,0.17428479054054,0.386153306291236,NA,NA
"109","p",0.0313,0.0591,0.1844,0.0848,0.0454,0.0442,109.112002319028,14.9711570404984,109.112002319028,14.9711570404984,80.1961184207587,7.94980905360833,0.310074420270268,0.123574099129593,NA,NA
"110","p",0.7749,0.6758,0.194,0.4532,0.5937,0.6239,15.9457995262832,3.58056330218069,15.9457995262832,3.58056330218069,87.4167592926985,3.81117630029222,0.232991163513512,0.277579973191356,NA,NA
"111","p",0.5362,0.4674,0.0385,0.1558,0.2171,0.2808,32.5185048584986,6.078406105919,-32.5185048584986,-6.078406105919,165.659021659342,7.09082748630227,-0.265556739189188,0.206532058965036,NA,NA
"112","p",0.9834,0.7449,0.5334,0.754,0.884,0.9199,1.07174253422004,2.91899448598131,1.07174253422004,2.91899448598131,40.2006812209949,2.11114983566648,0.0742376108108103,0.741377562731364,NA,NA
"113","p",0.62,0.8708,0.8117,0.6132,0.7668,0.6572,25.0714299721741,1.28538968847352,-25.0714299721741,-1.28538968847352,13.9645818246656,2.47392470199569,0.0950315337837832,0.644163428688241,NA,NA
"114","p",0.6588,0.3518,0.381,0.569,0.7182,0.6514,23.0212498843938,7.51757713395639,-23.0212498843938,-7.51757713395639,48.7981670806367,2.76484370541873,-0.221011340540539,0.282560400716141,NA,NA
"115","p",0.3759,0.2449,0.4437,0.1913,0.2663,0.2538,47.924865689359,10.0784900934579,47.924865689359,10.0784900934579,46.7618603389038,6.42243553184541,0.111481236486486,0.603237423816465,NA,NA
"116","p",0.414,0.1092,0.0433,0.1338,0.1871,0.2209,42.6536416676215,13.3018873520249,-42.6536416676215,-13.3018873520249,154.893225784661,7.2401201473009,-0.392914460810809,0.0600736022127672,NA,NA
"117","p",0.3681,0.6538,0.5183,0.3933,0.4897,0.3781,48.312085409276,3.73825831775701,48.312085409276,3.73825831775701,38.5550005293841,4.12397841425332,-0.00150322297297303,0.994384642193499,NA,NA
"118","p",0.8631,0.7651,0.841,0.7896,0.9094,0.8863,9.27513505841805,2.59596286604361,-9.27513505841805,-2.59596286604361,13.4141001286012,1.58758141767514,-0.182132559459458,0.395563429835681,NA,NA
"119","p",0.5185,0.4371,0.2071,0.2089,0.2869,0.3215,36.7824549574031,6.81404286604361,-36.7824549574031,-6.81404286604361,90.5198067555015,6.6363894093932,-0.276214189189188,0.208403486532112,NA,NA
"120","p",0.6582,0.9587,0.9771,0.6137,0.7608,0.6786,22.4160552591408,0.416030031152646,-22.4160552591408,-0.416030031152646,2.92053060428983,2.31891192818315,0.115339602702702,0.565947590508653,NA,NA
"121","p",0.4851,0.8247,0.5994,0.4595,0.5996,0.4807,37.7832946662879,1.87383660436137,37.7832946662879,1.87383660436137,30.4074504559783,3.64217562156831,-0.019158854054054,0.928797316454359,NA,NA
"122","p",0.6341,0.5142,0.6872,0.8895,0.7821,0.814,25.8481980999118,5.55962140186916,-25.8481980999118,-5.55962140186916,23.4234877652487,1.0933804318083,-0.118369463513513,0.57477102649331,NA,NA
"123","p",0.2808,0.086,0.0677,0.1889,0.2625,0.2174,57.3387113601444,14.0745718380062,-57.3387113601444,-14.0745718380062,133.376164917352,6.25040082929462,-0.577658924324321,0.0058214684535769,NA,NA
"124","p",0.4789,0.3394,0.1572,0.3926,0.5216,0.4384,37.3957386427697,7.77952595015576,37.3957386427697,7.77952595015576,92.4909608616669,3.90456120713813,0.175349056756756,0.402190827020016,NA,NA
"125","p",0.8073,0.94,0.9472,0.925,0.9196,0.9218,13.2530104118497,0.643767040498442,13.2530104118497,0.643767040498442,5.58106304252039,0.793652403704886,-0.107973856756756,0.601052823590384,NA,NA
"126","p",0.1416,0.3514,0.7,0.2471,0.1973,0.1708,78.2751413789327,7.84826190031152,78.2751413789327,7.84826190031152,21.9782932446202,5.50830226643563,0.0812324945945941,0.702190496215436,NA,NA
"127","p",0.0737,0.0759,0.2275,0.1749,0.1053,0.0993,94.7362442766645,14.7014994080997,94.7362442766645,14.7014994080997,76.3602198140606,6.41730793514639,0.374971578378376,0.0770030571590206,NA,NA
"128","p",0.7627,0.804,0.5894,0.8197,0.8901,0.8519,16.0679325143113,2.05051585669782,-16.0679325143113,-2.05051585669782,31.4378055509216,1.46211160609091,-0.0436994770270267,0.836930215379683,NA,NA
"129","p",0.1378,0.0938,0.2263,0.3738,0.1966,0.2156,80.6440494254343,14.157007694704,80.6440494254343,14.157007694704,80.2619604497842,4.28656476478861,0.321660655405404,0.133324212691671,NA,NA
"130","p",0.1618,0.0799,0.0331,0.092,0.1328,0.106,70.8618740819827,13.6096706542056,-70.8618740819827,-13.6096706542056,153.666039535644,7.45525407252879,-0.327788586486485,0.100741698960744,NA,NA
"131","p",0.6809,0.8077,0.9419,0.9463,0.8239,0.8663,20.6535123418044,1.88020489096573,20.6535123418044,1.88020489096573,5.43753306665922,0.658893306250404,0.04350492027027,0.829021298693585,NA,NA
"132","p",0.1331,0.2312,0.5445,0.3166,0.1882,0.1923,81.7030763299544,10.0903037071651,81.7030763299544,10.0903037071651,35.9342648518042,4.84330401605053,0.0608158959459457,0.779859466311936,NA,NA
"133","p",0.196,0.2863,0.701,0.5331,0.2708,0.3169,71.2450327015158,9.21664398753894,71.2450327015158,9.21664398753894,23.0346344878543,3.28452506494123,0.222099625675674,0.306275716810671,NA,NA
"134","p",0.0584,0.0603,0.2292,0.189,0.0821,0.0927,102.525495145226,15.6065368224299,102.525495145226,15.6065368224299,76.1887995918064,6.26770214883229,0.43159306216216,0.0407605423790593,NA,NA
"135","p",0.6393,0.9039,0.9807,0.8428,0.7875,0.794,24.8571480025888,0.99273937694704,24.8571480025888,0.99273937694704,3.09246475079893,1.30507920592653,-0.00306668648648642,0.988317827689863,NA,NA
"136","p",0.7065,0.8275,0.4825,0.4221,0.5577,0.5725,19.8495676204973,1.86168510903427,-19.8495676204973,1.86168510903427,41.2944382664838,3.92418744626323,0.196357124324323,0.35242333669345,NA,NA
"137","p",0.8932,0.9748,0.7539,0.8905,0.969,0.9439,6.89037908886823,0.272640996884735,6.89037908886823,-0.272640996884735,18.5372948473958,1.02185287190603,-0.0339815770270268,0.872658336432161,NA,NA
"138","p",0.8571,0.7687,0.5404,0.7912,0.9156,0.8923,9.02479120182987,2.38669152647975,-9.02479120182987,-2.38669152647975,33.721154028957,1.63218106196325,-0.235226183783782,0.25218220242165,NA,NA
"139","p",0.6492,0.8559,0.0198,0.073,0.1046,0.2037,25.5346951918398,1.56981679127726,25.5346951918398,1.56981679127726,206.325670346203,9.81623283558916,0.0525132824324322,0.810114602310643,NA,NA
"140","p",0.5987,0.6381,0.8916,0.9437,0.7447,0.8079,25.6752781486419,3.67777517133957,25.6752781486419,3.67777517133957,8.08067595758697,0.592275567126195,0.0710921499999996,0.722010791393444,NA,NA
"141","p",0.0699,0.0675,0.2021,0.1965,0.1,0.1023,90.6581150857354,14.1943311838006,90.6581150857354,14.1943311838006,72.9782040707311,5.36888050920889,0.175601782432431,0.375219347628911,NA,NA
"142","p",0.2349,0.204,0.3572,0.4111,0.3212,0.3016,62.363602449779,10.4915119003115,62.363602449779,10.4915119003115,54.3638010815153,3.75173679031177,0.208668193243242,0.321080059768647,NA,NA
"143","p",0.6583,0.2517,0.2527,0.4068,0.5328,0.5361,24.654531962715,9.86589582554517,-24.654531962715,-9.86589582554517,76.1226822626453,4.24836054910993,-0.420153927027024,0.0520628133393662,NA,NA
"144","p",0.5992,0.5691,0.7309,0.8686,0.7499,0.779,28.0401309643401,4.75717292834891,28.0401309643401,4.75717292834891,20.4758747239931,1.21101919045776,0.137507556756756,0.519452423726143,NA,NA
"145","p",0.2932,0.4011,0.0898,0.0886,0.1267,0.1472,56.1399376686188,7.02205473520249,56.1399376686188,7.02205473520249,123.670844357552,8.54318349189697,0.0999009743243237,0.638504696339394,NA,NA
"146","p",0.0749,0.0625,0.1761,0.2618,0.1082,0.1235,95.4897988355272,15.622748411215,95.4897988355272,15.622748411215,90.6790023718016,5.49739768841664,0.416427170270268,0.0511111795695657,NA,NA
"147","p",0.8118,0.6701,0.5982,0.7841,0.9079,0.8582,11.9183311110298,3.45583049844237,-11.9183311110298,-3.45583049844237,27.435071742472,1.53273081180281,-0.194113166216215,0.33971743741624,NA,NA
"148","p",0.4688,0.8393,0.7633,0.521,0.6077,0.5086,37.9273808275346,1.66964352024922,37.9273808275346,1.66964352024922,17.0539730272857,3.00833344990196,-0.0255897067567566,0.901464910837527,NA,NA
"149","p",0.0659,0.0662,0.0977,0.1011,0.0929,0.0708,99.4926325060062,15.5565063239875,99.4926325060062,15.5565063239875,120.88412848385,8.3121160955321,0.346915736486485,0.104737720029873,NA,NA
"150","p",0.7338,0.5859,0.6632,0.8605,0.8673,0.8548,17.6367538029424,4.34539130841121,17.6367538029424,4.34539130841121,23.0243691336307,1.1864092131668,-0.0214903418918918,0.915831512505583,NA,NA
"151","p",0.2565,0.4767,0.5657,0.3521,0.3529,0.2883,57.6126990463403,5.77400482866044,57.6126990463403,5.77400482866044,30.6658944226144,4.08466171129843,0.0862551094594589,0.668424991959062,NA,NA
"152","p",0.2208,0.3245,0.5195,0.4623,0.3035,0.31,67.7822777652489,8.4643408411215,67.7822777652489,8.4643408411215,39.5345740034886,3.8443082006622,0.223455989189188,0.300563685916365,NA,NA
"153","p",0.1373,0.2482,0.1636,0.1206,0.1745,0.1144,74.4573020034028,9.03436996884735,74.4573020034028,9.03436996884735,82.3060446505309,6.60012768142724,0.116719468918918,0.555608482780408,NA,NA
"154","p",0.7907,0.8835,0.8292,0.7877,0.9062,0.8489,13.9758789024282,1.21081096573209,-13.9758789024282,1.21081096573209,13.4999370564577,1.6101009936094,0.136833845945945,0.504221761177818,NA,NA
"155","p",0.7866,0.7526,0.767,0.7702,0.8969,0.8387,13.7381241976916,2.51612401869159,-13.7381241976916,-2.51612401869159,16.4948119190274,1.58892704660523,-0.144841467567567,0.476916744795651,NA,NA
"156","p",0.4269,0.5176,0.8357,0.8246,0.5569,0.6221,40.6519644317714,5.12509682242991,40.6519644317714,5.12509682242991,12.0340018153914,1.30504617624464,0.115965908108107,0.571352655240696,NA,NA
"157","p",0.2744,0.4875,0.7415,0.4727,0.3754,0.3564,57.1260725786577,5.59105093457944,57.1260725786577,5.59105093457944,18.3636462008205,3.33387632228579,0.17262531081081,0.403394742316816,NA,NA
"158","p",0.0342,0.1171,0.4306,0.0608,0.0499,0.0378,114.300854763382,13.289238317757,114.300854763382,13.289238317757,49.6103693391879,9.96450730404021,0.383456894594592,0.0737532396659778,NA,NA
"159","p",0.7294,0.8325,0.6866,0.6628,0.7998,0.7425,18.2716499166622,1.73606978193146,-18.2716499166622,-1.73606978193146,23.0520844831185,2.13674400608098,0.0155795905405404,0.941535759425869,NA,NA
"160","p",0.3275,0.2039,0.2448,0.3437,0.4446,0.3333,50.2754484579377,10.1199347975078,50.2754484579377,10.1199347975078,67.0285465831683,4.14580941939829,0.204444671621621,0.308324364705204,NA,NA
"161","p",0.1121,0.1322,0.229,0.2687,0.1601,0.1614,81.7727664622039,12.0618900934579,81.7727664622039,12.0618900934579,72.1782842865337,4.9570023400875,0.148042702702702,0.466849050252032,NA,NA
"162","p",0.4145,0.5454,0.575,0.152,0.2143,0.2371,40.5837502765274,4.67386635514019,40.5837502765274,4.67386635514019,27.946992965388,6.16115705112277,-0.0720039770270266,0.717138319414386,NA,NA
"163","p",0.2688,0.4862,0.1771,0.1752,0.2438,0.2028,57.252743787335,5.79017056074767,57.252743787335,5.79017056074767,84.5299916325919,6.18093314860811,-0.0181757756756756,0.930153073270291,NA,NA
"164","p",0.3676,0.3716,0.3627,0.5205,0.4934,0.4441,47.9990777202238,7.39519822429906,-47.9990777202238,-7.39519822429906,52.996399728605,3.14788102929554,-0.219447478378377,0.291676097345223,NA,NA
"165","p",0.215,0.3121,0.0691,0.0778,0.1105,0.1169,65.3886041398285,8.40270401869159,65.3886041398285,8.40270401869159,138.039390474796,9.21115633173708,0.132081717567567,0.537808575104976,NA,NA
"166","p",0.0734,0.1923,0.2607,0.0898,0.1057,0.0722,95.3327823035588,10.7947765109034,95.3327823035588,10.7947765109034,70.5078694687204,8.48821608251889,0.121520591891891,0.565908860412457,NA,NA
"167","p",0.702,0.8584,0.7735,0.6805,0.8279,0.7407,19.3608377158565,1.4337053894081,19.3608377158565,1.4337053894081,15.6606094231603,2.00066282380659,-0.0237249310810809,0.90776411966391,NA,NA
"168","p",0.2217,0.484,0.6718,0.269,0.3075,0.2301,63.0579504483853,5.64542763239875,63.0579504483853,5.64542763239875,21.7404735474412,4.7641614349821,0.00562177027027022,0.97765053576095,NA,NA
"169","p",0.369,0.5132,0.5552,0.5246,0.4971,0.4509,47.4194185543248,5.32509682242991,-47.4194185543248,-5.32509682242991,32.9604775344307,3.12557569734675,-0.0567270932432429,0.78726466729666,NA,NA
"170","p",0.4373,0.588,0.9271,0.8191,0.5712,0.6325,40.9269135027575,4.41369875389408,-40.9269135027575,-4.41369875389408,7.23567094953219,1.45764976360315,-0.0614640216216213,0.769865368035418,NA,NA
"171","p",0.0996,0.036,0.0313,0.1136,0.1415,0.0943,84.517605594256,16.7588494080997,84.517605594256,16.7588494080997,160.201111287498,7.35996790537716,0.3706454527027,0.0711650672283423,NA,NA
"172","p",0.9309,0.8452,0.9927,0.9834,0.9866,0.9884,4.40810671135118,1.58904043613707,4.40810671135118,1.58904043613707,1.61415481927475,0.321003388022046,0.0594275689189185,0.772930770071996,NA,NA
"173","p",0.2573,0.3837,0.5546,0.4957,0.353,0.351,59.7206233161354,7.18102959501558,59.7206233161354,7.18102959501558,34.0781831755791,3.29963916690512,0.0250358081081079,0.906080828112681,NA,NA
"174","p",0.8279,0.8529,0.1599,0.3525,0.4761,0.5657,11.3854034708147,1.54784401869159,11.3854034708147,1.54784401869159,93.8285820221507,4.3100746844443,0.134487916216215,0.521410840035646,NA,NA
"175","p",0.5892,0.5153,0.5998,0.5622,0.7112,0.6096,30.2954869595312,5.67790763239875,-30.2954869595312,-5.67790763239875,32.0552425646232,3.23231644392991,-0.354905340540539,0.105301151291621,NA,NA
"176","p",0.8507,0.793,0.9024,0.9703,0.9453,0.9565,10.297773570918,2.30556560747663,10.297773570918,2.30556560747663,8.92508588094546,0.484490624650975,0.157345341891891,0.472295481871421,NA,NA
"177","p",0.4184,0.6096,0.7102,0.6418,0.5494,0.5368,41.7256454433778,4.12806943925234,41.7256454433778,4.12806943925234,20.8829869061115,2.31078382630838,0.0164749094594592,0.937393901318917,NA,NA
"178","p",0.6077,0.8794,0.8171,0.3493,0.4672,0.4718,25.7428678129705,1.18360255451713,25.7428678129705,-1.18360255451713,12.9521879400007,4.10369564344167,-0.130947456756756,0.518913339458956,NA,NA
"179","p",0.6657,0.8421,0.6355,0.6785,0.8092,0.7188,24.0163538384001,1.7188992211838,-24.0163538384001,-1.7188992211838,29.14007339353,2.41190383237505,-0.0165575162162162,0.939646564823053,NA,NA
"180","p",0.9185,0.7365,0.5092,0.5663,0.7177,0.779,4.80062330183543,2.63264725856698,-4.80062330183543,-2.63264725856698,33.5609974663004,2.45475102126753,-0.172202563513513,0.391863848321497,NA,NA
"181","p",0.293,0.275,0.5206,0.5497,0.3933,0.4017,56.2995094539991,9.00410598130841,-56.2995094539991,-9.00410598130841,35.6126408010414,2.89072066667825,-0.12186572027027,0.553743470254556,NA,NA
"182","p",0.5859,0.4345,0.4392,0.5141,0.6589,0.5772,29.1478353643728,6.56588713395639,29.1478353643728,6.56588713395639,46.5943321483641,3.29354674507601,0.135273975675675,0.529173394695605,NA,NA
"183","p",0.9155,0.651,0.7474,0.8556,0.9508,0.9425,5.77418821487792,3.74237376947041,-5.77418821487792,-3.74237376947041,17.9841122058112,1.23502800886296,-0.0493857635135133,0.81610011077256,NA,NA
"184","p",0.2861,0.301,0.3776,0.5167,0.3869,0.3814,55.2691284065219,8.34544517133956,55.2691284065219,8.34544517133956,50.230356428267,2.99541164818317,0.119478562162161,0.5659186490071,NA,NA
"185","p",0.4349,0.709,0.6369,0.5083,0.5702,0.4838,39.6134390473257,2.9284468847352,39.6134390473257,2.9284468847352,24.6137735276989,2.93697038935523,-0.0234998459459458,0.905899812186771,NA,NA
"186","p",0.5158,0.5329,0.6469,0.6268,0.6574,0.597,34.6129454285878,5.25538700934579,34.6129454285878,5.25538700934579,26.2753363376342,2.46444273823392,0.168685163513513,0.424004346201588,NA,NA
"187","p",0.2559,0.1496,0.1867,0.2096,0.2887,0.2154,56.0974173330058,11.063086635514,56.0974173330058,11.063086635514,73.582174861715,5.10379793198005,0.231546518918918,0.227267192896118,NA,NA
"188","p",0.034,0.108,0.2988,0.044,0.0491,0.0334,114.271787972172,13.5413888161994,114.271787972172,13.5413888161994,66.3604140129087,10.769383377978,0.141164921621621,0.512116491047563,NA,NA
"189","p",0.6046,0.7514,0.1504,0.2994,0.4061,0.4317,25.7784292972252,2.51662137071651,25.7784292972252,2.51662137071651,86.9346603676964,4.26723850391844,-0.0294033554054053,0.882895386345244,NA,NA
"190","p",0.0402,0.0651,0.264,0.1347,0.0587,0.0655,113.063867407417,15.8349870093458,-113.063867407417,-15.8349870093458,75.8032948953594,8.02046043657163,-0.356850158108106,0.105855561039151,NA,NA
"191","p",0.3222,0.3467,0.5373,0.6144,0.4363,0.4539,52.8813135660818,7.79236342679128,52.8813135660818,7.79236342679128,35.0856995672003,2.59795435694591,0.0420349108108106,0.84165411458414,NA,NA
"192","p",0.6959,0.9102,0.6047,0.7153,0.8403,0.7602,20.9359348615793,1.02938676012461,20.9359348615793,1.02938676012461,30.5486983353975,2.05822656268324,-0.0201776364864864,0.923870428434493,NA,NA
"193","p",0.9283,0.9596,0.6878,0.7511,0.8831,0.8976,5.11115764535498,0.428745420560748,5.11115764535498,-0.428745420560748,22.4917333752182,1.89358645700898,0.00961651216216214,0.963247599155109,NA,NA
"194","p",0.9941,0.969,0.7158,0.9069,0.9765,0.9839,0.40287369799564,0.302418722741433,0.40287369799564,0.302418722741433,17.9947446055591,0.820121054400708,0.00386400675675677,0.984091969058954,NA,NA
"195","p",0.7991,0.2789,0.1122,0.1627,0.2309,0.358,12.5730462869457,8.21117361370717,-12.5730462869457,-8.21117361370717,96.0969178358144,5.76147164252545,-0.421824970270268,0.0321470245479839,NA,NA
"196","p",0.9874,0.6625,0.7882,0.6644,0.807,0.8709,0.822018411358027,3.6335237694704,-0.822018411358027,3.6335237694704,15.7889003713255,2.21793395723983,0.159936862162161,0.445033929252828,NA,NA
"197","p",0.1513,0.1909,0.241,0.2704,0.2125,0.1857,71.7365489661688,10.3615407165109,71.7365489661688,10.3615407165109,68.0876375362645,4.62013096354897,0.31471875135135,0.118249159820543,NA,NA
"198","p",0.8142,0.8629,0.9379,0.6004,0.7508,0.7529,11.8831036006996,1.36824099688474,-11.8831036006996,1.36824099688474,5.96124444413724,2.41364849074439,0.00936347972972967,0.962887394214031,NA,NA
"199","p",0.3098,0.1145,0.1634,0.1946,0.2718,0.2325,53.1049796877062,12.90278105919,53.1049796877062,12.90278105919,88.7608783487573,5.89739874213722,0.327451559459458,0.112952768913541,NA,NA
"200","p",0.3129,0.5691,0.779,0.4959,0.4239,0.3936,56.8147571838267,5.00497987538941,56.8147571838267,5.00497987538941,18.8586120560173,3.71726400406396,-0.154863120270269,0.483246049963676,NA,NA
