"","X","pLW","pLU","pQU","pQH","pMin","pFisher","SW","SL","SWwin","SLwin","SC","SQ","CMCBeta","pBeta","muBk","muPk"
"1","p",0.4561,0.1388,0.0147,0.1062,0.1842,0.1982,38.7862025023984,9.23508021806853,38.7862025023984,9.23508021806853,109.719748181941,13.6604808058737,0.162708492577083,0.340226783688816,NA,NA
"2","p",0.0021,3e-04,0,1e-04,2e-04,0,165.589757308589,23.5058778816199,165.589757308589,23.5058778816199,273.851073097518,29.7319644597525,0.533100629044533,0.00188325067719449,0.0400874253537937,-0.00363447559709242
"3","p",0.0254,0.0121,0.0016,0.0099,0.0192,0.0059,118.442698006498,15.5451869470405,118.442698006498,15.5451869470405,166.377445211929,21.4835636366816,0.285548979824893,0.0999142565731336,NA,NA
"4","p",0.006,0.001,0.0044,0.0208,0.0112,0.0041,150.398200825575,22.4408186915888,150.398200825575,22.4408186915888,145.118656336099,19.4820524738094,0.514889965740384,0.0030644107607576,0.156723524257543,-0.00642523364485981
"5","p",0.0028,0.0065,0.1393,0.1227,0.0052,0.0085,161.6864975351,17.851826105919,161.6864975351,17.851826105919,66.5887567883826,14.2818778391658,0.427696228587739,0.0154116830352933,NA,NA
"6","p",0.2354,0.2487,0.7727,0.9694,0.385,0.5295,60.817673220632,7.00284990654206,60.817673220632,7.00284990654206,18.6784334424252,2.67014228176334,0.152031980395888,0.365620462601827,NA,NA
"7","p",0.0072,0.0016,0.0016,0.0257,0.014,0.0057,139.830786562557,19.9267114018692,139.830786562557,19.9267114018692,158.663326947694,18.3354938513882,0.426988806623522,0.0134338563772764,0.264284226714558,-0.00149317864432271
"8","p",0.3843,0.5485,0.7288,0.5686,0.5785,0.5154,46.3128718438486,3.80915330218069,46.3128718438486,3.80915330218069,21.1952565301259,7.39375608826146,0.118694929577464,0.488605630570374,NA,NA
"9","p",0.4924,0.1329,4e-04,0.0122,0.0225,0.0516,37.0206780502268,9.77067725856698,37.0206780502268,9.77067725856698,198.919748776637,21.7106013292523,0.138060287400075,0.437318760929992,NA,NA
"10","p",0.1296,0.0045,0.0051,0.0038,0.0071,0.0097,76.6357229005164,17.4931919003115,76.6357229005164,17.4931919003115,119.48194454846,20.613459843948,0.374080395888844,0.0229369214368701,0.17138979338714,0.00545036751510975
"11","p",0.6978,0.3738,0.1174,0.4559,0.6606,0.642,21.5235079989655,5.91395214953271,21.5235079989655,5.91395214953271,70.8289948421926,9.10128628789397,0.114833373620098,0.520576889274268,NA,NA
"12","p",0.3559,0.096,0.0337,0.3014,0.4716,0.3339,50.0443052923393,10.8583637694704,50.0443052923393,10.8583637694704,99.49401239484,11.0332443417081,0.229103645793679,0.197350599917881,NA,NA
"13","p",0.001,3e-04,6e-04,0.0053,0.002,2e-04,181.032019029849,23.7624090031153,181.032019029849,23.7624090031153,177.304282952072,23.0572800471661,0.576729442329649,0.000949168321441851,0.0817199162663289,-0.00574017229880962
"14","p",0.1712,0.0584,0.0411,0.1425,0.2396,0.1328,72.1541086103383,12.2304247663551,72.1541086103383,12.2304247663551,90.6945485334109,13.3768933081106,0.179179559383326,0.301224389153808,NA,NA
"15","p",0.2431,0.04,0.006,0.0883,0.1556,0.1149,62.5631735571167,13.2586113084112,62.5631735571167,13.2586113084112,134.787850239446,14.9842448665979,0.262237043205175,0.133540447358546,NA,NA
"16","p",0.4175,0.1135,0.038,0.1676,0.28,0.2561,41.8516644631629,9.7229714953271,41.8516644631629,9.7229714953271,88.3377350892566,12.4081520709529,0.206063713361247,0.225937166534393,NA,NA
"17","p",0.0046,9e-04,0.0011,0.0211,0.0086,0.0044,153.412491175937,21.8876664174455,153.412491175937,21.8876664174455,161.718351257047,19.7123055340721,0.462043283212787,0.00841661461462449,0.21978424860202,0.00176917176117865
"18","p",0.1711,0.03,0.0039,0.0427,0.0772,0.0586,69.7862243267789,13.3206285669782,69.7862243267789,13.3206285669782,126.688383271651,15.631787686243,0.28600019128283,0.0858233763632301,NA,NA
"19","p",0.3436,0.2461,0.4123,0.1088,0.1868,0.1654,49.8433028443337,7.31770127725857,49.8433028443337,7.31770127725857,38.0162503706139,14.179529479833,0.154553555386371,0.374751051059738,NA,NA
"20","p",0.0015,0.0024,0.0046,0.0102,0.0029,0.001,175.202815317012,19.6497073520249,175.202815317012,19.6497073520249,146.541653948226,22.2267688843373,0.433057770270267,0.0153048250334015,0.156921407966516,0.00214433745936201
"21","p",0.0905,0.077,0.0136,0.0639,0.1136,0.0503,93.2892809091291,11.5931021495327,93.2892809091291,11.5931021495327,118.206387671051,16.6394562256245,0.196920234107345,0.269761751578325,NA,NA
"22","p",0.1448,0.0918,0,4e-04,8e-04,0.0025,76.177957613835,10.5542010903427,76.177957613835,10.5542010903427,239.175828280131,26.8410750795095,0.199535263608678,0.247592868086336,NA,NA
"23","p",0.3003,0.1434,0.0203,0.0226,0.0419,0.0561,54.0672953856616,9.17393638629284,54.0672953856616,9.17393638629284,101.096313323332,17.7859205863096,0.101768109059763,0.548451683427006,NA,NA
"24","p",0.0052,0.006,0.0053,0.0016,0.0029,7e-04,150.837314563793,17.4980021495327,150.837314563793,17.4980021495327,144.619424992934,26.5814639482592,0.389185120860294,0.0246931389839298,0.230841258924828,0.00141298058616844
"25","p",0.6608,0.34,0.0205,0.0652,0.1153,0.1837,22.290589416025,5.88266738317757,22.290589416025,5.88266738317757,101.134204439545,15.0326064838484,0.0963093043395501,0.569524536694702,NA,NA
"26","p",0.2424,0.1934,0.5176,0.3562,0.3889,0.2889,58.1094909841266,7.7476337694704,58.1094909841266,7.7476337694704,28.1537251368964,8.60434351778904,0.112399311952797,0.493119009519456,NA,NA
"27","p",0.613,0.3412,0.0801,0.4541,0.6599,0.5944,28.2672562597095,6.33428915887851,28.2672562597095,6.33428915887851,80.2039635552451,9.38981260633161,0.0647531956604487,0.717709845489082,NA,NA
"28","p",0.0807,0.0205,0.0112,0.0459,0.0826,0.0386,96.6384109038419,15.2067682554517,96.6384109038419,15.2067682554517,128.077114962263,18.6951022904575,0.365739799200606,0.0431932039312335,0.278015618886845,0.00612566178183601
"29","p",0.209,0.089,0.0393,0.3479,0.3446,0.2591,69.7127385627057,11.1881870404984,69.7127385627057,11.1881870404984,97.8452402803068,10.6291932352806,0.192913302245906,0.283174323653672,NA,NA
"30","p",0.1819,0.1209,0.1374,0.1357,0.23,0.1288,70.9851411142411,9.85588676012461,70.9851411142411,9.85588676012461,65.585183388368,13.9377177456249,0.213314978111913,0.226344425636173,NA,NA
"31","p",0.6865,0.5797,0.0124,0.0786,0.1395,0.2182,22.216607249221,3.63060140186916,22.216607249221,3.63060140186916,127.179203019505,16.5672592958617,-0.0455999914350967,0.799342928875392,NA,NA
"32","p",0.0555,0.1052,0.6147,0.2597,0.0994,0.0904,102.545664704312,10.3708837694704,102.545664704312,10.3708837694704,27.0722967676001,10.9917285118835,0.306186107727443,0.0761788307404736,NA,NA
"33","p",0.7702,0.629,0.1769,0.2591,0.4141,0.4907,15.4926190323056,3.10240644859813,15.4926190323056,3.10240644859813,58.9478765187453,11.3813658781332,-0.0650195698515412,0.711975223325601,NA,NA
"34","p",0.024,0.015,0,0,0,0,121.717650332619,15.9526851401869,121.717650332619,15.9526851401869,261.23260783088,36.7369580642092,0.315918879901025,0.0741903063884028,NA,NA
"35","p",0.2469,0.5537,0.2252,0.374,0.399,0.3001,64.1283416098688,3.92538869158879,64.1283416098688,3.92538869158879,56.3710048920142,10.3119585513411,0.0499360677578983,0.781626059831873,NA,NA
"36","p",0.0257,0.0228,0.015,0.0958,0.0483,0.0302,120.190528451366,14.4949895638629,120.190528451366,14.4949895638629,117.661358006433,15.1681684683496,0.316556437952034,0.0718490221106625,NA,NA
"37","p",0.3776,0.1145,0.1479,0.0439,0.0795,0.099,48.2944810362448,10.4078557943925,48.2944810362448,10.4078557943925,67.1220219678515,18.478342519541,0.22960221069661,0.20153505886033,NA,NA
"38","p",0.1749,0.0761,0.1189,0.3016,0.2934,0.2119,74.4783457343564,11.4037177570093,74.4783457343564,11.4037177570093,69.0983995286529,10.8640774891451,0.28874890654739,0.102412948168552,NA,NA
"39","p",0.0223,0.0366,0.1196,0.2786,0.0414,0.0538,116.193567026609,12.4094352024922,116.193567026609,12.4094352024922,60.0759684601471,9.75927513540162,0.229569377617052,0.163949833999384,NA,NA
"40","p",0.1667,0.1799,0.1036,0.209,0.2792,0.1594,72.9836964409566,8.52975825545171,72.9836964409566,8.52975825545171,69.0999442738418,12.0324652881958,0.198347830224589,0.255115392488774,NA,NA
"41","p",0.5098,0.3822,0.2263,0.2912,0.4552,0.4062,36.928085166412,5.8150591588785,36.928085166412,5.8150591588785,56.444501873261,11.573964620356,0.137496292348686,0.452549562586161,NA,NA
"42","p",0.5718,0.7825,0.001,0.0183,0.0346,0.0748,28.7086954692856,1.70553716510904,-28.7086954692856,-1.70553716510904,151.416179712522,17.8060928182282,-0.12926631899505,0.43364179155076,NA,NA
"43","p",0.2594,0.0498,0.1566,0.3573,0.4157,0.3019,59.4964008507138,12.2939590031153,59.4964008507138,12.2939590031153,57.4568842479498,9.36873080168541,0.281809928625807,0.0959465907851924,NA,NA
"44","p",0.1965,0.0928,0.1163,0.4011,0.3269,0.2717,66.1006627350157,10.3813690965732,66.1006627350157,10.3813690965732,62.422303555835,8.60411588983653,0.219569664065472,0.189491326315883,NA,NA
"45","p",0.1452,0.0739,0.0558,0.0622,0.1104,0.066,75.286847108657,11.1659075389408,75.286847108657,11.1659075389408,78.9686129384036,14.8654055873409,0.21294441282832,0.206301538865217,NA,NA
"46","p",0.3553,0.2501,0.0839,0.1788,0.2945,0.237,50.2996223027099,7.52768632398754,50.2996223027099,7.52768632398754,79.5509800617108,13.3042330415497,0.111001851922344,0.532554239954034,NA,NA
"47","p",0.2445,0.0733,0.1678,0.4843,0.3913,0.3502,59.8134750876995,11.0193533021807,59.8134750876995,11.0193533021807,54.2603474498131,7.62018032252912,0.231191866197181,0.165513776011474,NA,NA
"48","p",0.0083,0.005,0.0773,0.1645,0.0158,0.0186,136.33168993142,17.1659177258567,136.33168993142,17.1659177258567,72.265586434773,12.1172782727511,0.349713833269887,0.0388605858372314,NA,NA
"49","p",0.2091,0.0659,0.062,0.1043,0.1816,0.1219,69.6495503494765,12.1709281619938,69.6495503494765,12.1709281619938,85.8694997340474,15.6757170947934,0.268605457746477,0.138312397773791,NA,NA
"50","p",0.3931,0.2298,0.0278,0.1905,0.3155,0.266,44.9733496107682,7.54695361370717,44.9733496107682,7.54695361370717,95.0492395550795,11.9674607776879,0.113273175675675,0.506104872381244,NA,NA
"51","p",0.6775,0.4249,0.1366,0.4845,0.692,0.651,22.2856580565291,5.03013623052959,22.2856580565291,5.03013623052959,62.632613605612,8.20134100832579,0.06904358583936,0.688074866122707,NA,NA
"52","p",0.0095,0.0111,0.0015,0.004,0.0075,0.0016,131.711455104691,15.4744718380062,131.711455104691,15.4744718380062,152.43327266694,22.4998687113723,0.352743684811569,0.0357806336177913,0.232178649482653,0.00369243924684959
"53","p",0.0339,0.0368,0.0263,0.1593,0.0621,0.0482,116.660838153031,13.5257877258567,116.660838153031,13.5257877258567,104.217195508609,13.3977796288879,0.288469672630375,0.104573585478195,NA,NA
"54","p",0.4776,0.368,0.2466,0.2907,0.4567,0.3901,35.7541222722702,5.34663289719626,35.7541222722702,5.34663289719626,44.4421373676524,9.49271697156114,0.0406703587742669,0.805012266878672,NA,NA
"55","p",0.5627,0.3779,0.067,0.0584,0.104,0.1594,30.3578532256971,5.54539255451713,30.3578532256971,5.54539255451713,78.7041597503875,16.7373766339072,0.136756870955461,0.429892639449427,NA,NA
"56","p",0.0452,0.0228,0.0026,0.0108,0.0202,0.0094,105.728382966317,14.3395761993769,105.728382966317,14.3395761993769,154.707960300914,20.9263387417962,0.260992886372286,0.131836107654677,NA,NA
"57","p",0.0013,1e-04,0,7e-04,0.0014,2e-04,171.991800974404,24.095467258567,171.991800974404,24.095467258567,251.166557411228,28.1586484987831,0.555802624666916,0.00126453253429897,0.177788614389241,-0.00325189921845111
"58","p",0.0188,0.0362,0.0445,0.033,0.034,0.0125,126.966793057674,13.3988574143302,126.966793057674,13.3988574143302,89.472268314536,18.7696369882984,0.349700459649788,0.048608609069293,0.374179816160195,-0.00184839044652128
"59","p",0.8788,0.4973,0.7222,0.8056,0.9497,0.934,8.73437975371946,4.44503242990654,8.73437975371946,4.44503242990654,23.0143122790848,5.42597704739088,0.0446965540540537,0.801098685185443,NA,NA
"60","p",0.6972,0.6543,0.8236,0.8443,0.8837,0.8735,20.5892370993977,2.76673308411215,20.5892370993977,2.76673308411215,16.2475632307615,4.63479108195478,0.0260788703844688,0.874223811634354,NA,NA
"61","p",0.9091,0.7509,0.5567,0.3338,0.5144,0.6216,6.47894243124265,2.06094890965732,6.47894243124265,2.06094890965732,30.8503227502533,10.5597970137216,-0.0193775266463645,0.912993787824689,NA,NA
"62","p",0.0953,0.0174,0.0135,0.0551,0.0991,0.0476,88.6260092756106,15.1809350778816,88.6260092756106,15.1809350778816,111.78837130461,15.9640531979554,0.322506541682525,0.0618216794546647,NA,NA
"63","p",0.1928,0.0288,0.0375,0.0653,0.1178,0.0812,68.466253042188,13.5761644859813,68.466253042188,13.5761644859813,88.9782319980397,15.197833867951,0.288389300532925,0.0902120801170176,NA,NA
"64","p",0.0045,0.0029,0.0587,0.0513,0.0088,0.0067,143.65817805271,17.327164953271,143.65817805271,17.327164953271,74.6210451127212,14.7992718397724,0.405278196612102,0.0136930754466498,NA,NA
"65","p",0.0447,0.0052,0.0013,0.0023,0.0044,0.0039,104.872034162404,17.3900816510903,104.872034162404,17.3900816510903,165.545880260764,24.9677109530409,0.303345649980964,0.0748530841589475,NA,NA
"66","p",0.0473,0.0219,0.1132,0.0818,0.0848,0.0378,111.003087141719,15.5784674143302,111.003087141719,15.5784674143302,75.6320435354129,16.9336175065459,0.324578268937949,0.0739563627699185,NA,NA
"67","p",0.2511,0.5577,0.6686,0.6167,0.4064,0.4216,61.2312772952372,3.73576750778816,-61.2312772952372,-3.73576750778816,24.9559211324552,7.26897142980052,-0.155878604872477,0.374691859932102,NA,NA
"68","p",0.0045,0.0107,0.047,0.0535,0.0086,0.0063,153.492886926271,16.5518267912773,153.492886926271,16.5518267912773,89.6143176260529,16.8788971683454,0.358421787209742,0.0418530418657895,NA,NA
"69","p",0.0401,0.03,0.095,0.0648,0.072,0.0307,105.166541884433,13.1936992834891,105.166541884433,13.1936992834891,67.5687715617577,14.9596384693599,0.244580496764368,0.145166679205817,NA,NA
"70","p",0.4098,0.2307,0.1248,0.6574,0.6077,0.5838,43.728941116892,7.57468875389408,43.728941116892,7.57468875389408,66.1671412062343,6.76287060524656,0.140252953939854,0.422580035747718,NA,NA
"71","p",0.3073,0.1709,0.1713,0.0318,0.0574,0.0714,53.5713176516547,8.6957915576324,53.5713176516547,8.6957915576324,56.3761758631057,17.5812977834198,0.148490266463646,0.382144286025513,NA,NA
"72","p",0.4292,0.2023,0.0204,0.2153,0.3541,0.3039,41.6088476110035,8.02744099688473,41.6088476110035,8.02744099688473,102.498149910265,11.4429049592123,0.115887321088693,0.499718733234802,NA,NA
"73","p",0.7527,0.87,0.3741,0.4297,0.6335,0.653,17.1768349993494,1.06059121495327,-17.1768349993494,1.06059121495327,41.328880049906,9.21396955723558,-0.0672584697373423,0.702061337871952,NA,NA
"74","p",0.0871,0.242,0.131,0.1002,0.1557,0.0638,94.4605781583487,7.73075015576324,94.4605781583487,7.73075015576324,70.678647440748,15.4711672646106,0.139157345831746,0.443459851791167,NA,NA
"75","p",0.0683,0.1033,0.1259,0.2444,0.1221,0.1007,103.16155740808,11.0565956074766,103.16155740808,11.0565956074766,73.4817078855377,12.5516840837525,0.247530168443089,0.175575156780081,NA,NA
"76","p",0.0951,0.0154,0.0495,0.1732,0.1678,0.1008,92.3925126342251,16.0201019314642,92.3925126342251,16.0201019314642,92.2168589445608,13.6845379440235,0.399785163684809,0.027022067025904,NA,NA
"77","p",0.1359,0.209,0.5195,0.3129,0.2323,0.18,80.5054345334872,8.14293704049844,80.5054345334872,8.14293704049844,32.6876710090648,10.7118982108905,0.101487871145793,0.566706122763508,NA,NA
"78","p",0.0406,0.0742,0.1039,0.1121,0.0742,0.0416,108.873586100075,11.3644620249221,108.873586100075,11.3644620249221,72.246372665224,14.6948339009002,0.274496259040729,0.122439199292044,NA,NA
"79","p",0.2416,0.2359,0.8648,0.9124,0.3915,0.5246,64.1384075959466,7.78557987538941,64.1384075959466,7.78557987538941,16.0168504667128,4.22329601510663,0.197243224210124,0.262220228145961,NA,NA
"80","p",0.1322,0.0414,0.1028,0.3622,0.2233,0.1999,78.5398946891339,12.8656700934579,78.5398946891339,12.8656700934579,68.7285007658944,9.49078079907621,0.25980723163304,0.131316252365214,NA,NA
"81","p",0.0083,0.0225,0.1059,0.1548,0.0157,0.0186,137.495478463147,14.2266481308411,137.495478463147,14.2266481308411,68.4910968139264,12.8949279885256,0.286338942710314,0.097485154717378,NA,NA
"82","p",0.0043,0.0171,0.2747,0.1567,0.0084,0.013,153.246591325655,15.4626790031153,153.246591325655,15.4626790031153,49.7163604268657,13.5010979371122,0.427852098401215,0.0158924594593328,NA,NA
"83","p",0.0466,0.0199,0,2e-04,4e-04,9e-04,101.502107870799,14.0337086915888,101.502107870799,14.0337086915888,341.561259439246,35.3801085154396,0.349543806623522,0.0357399117362764,0.304592237341086,0.00176917176117865
"84","p",0.0018,0,0.0016,0.0304,0.0036,0.0026,170.560693058666,23.646048411215,170.560693058666,23.646048411215,169.114203329746,18.4233690146928,0.626531339931476,0.000372813935875328,0.0825616345114503,-0.00574017229880962
"85","p",0.211,0.0761,0.0131,0.1867,0.3085,0.1756,71.2021913639635,12.0208477570093,71.2021913639635,12.0208477570093,127.878473685364,13.8066559219458,0.205266911876664,0.265131611000823,NA,NA
"86","p",0.0505,0.0145,0.0594,0.0913,0.0909,0.0446,109.046832744903,16.146663364486,109.046832744903,16.146663364486,86.7697745533232,15.8260702406794,0.39392315093262,0.0274574799652939,NA,NA
"87","p",0.644,0.2959,0.146,0.2045,0.3398,0.3815,24.116742364107,6.69834333333333,24.116742364107,6.69834333333333,64.2079405489222,12.3961948711405,0.104685570041872,0.552792542891001,NA,NA
"88","p",0.0579,0.0474,0.1885,0.4881,0.1039,0.1408,99.7030944952186,12.4871927102804,99.7030944952186,12.4871927102804,55.626521178545,8.24360099058956,0.289927265892651,0.0907974193473119,NA,NA
"89","p",0.3058,0.434,0.0012,0.0181,0.034,0.0502,55.7248996534008,5.0501429906542,55.7248996534008,5.0501429906542,171.341419486042,19.6267982825392,0.0219315816520744,0.899625447603936,NA,NA
"90","p",0.1406,0.15,0.2786,0.2718,0.2387,0.1711,78.9046509880199,9.22129732087227,78.9046509880199,9.22129732087227,47.5552605359928,10.9235297668501,0.169914116863341,0.32885401428906,NA,NA
"91","p",0.1406,0.0272,0.0713,0.0628,0.112,0.0663,84.1631463299366,14.9696314641745,84.1631463299366,14.9696314641745,89.2792693305053,18.6490066182309,0.328723996954699,0.0774119213802612,NA,NA
"92","p",0.0533,0.0146,0.0021,3e-04,6e-04,0.0015,99.4244139139024,14.9917459501558,99.4244139139024,14.9917459501558,151.822528106019,27.601021817161,0.340336637799769,0.0422171330107723,0.260598747442678,0.00545036751510975
"93","p",0.0775,0.0406,0.2516,0.6966,0.1359,0.2159,98.3303559348338,13.6530767912773,98.3303559348338,13.6530767912773,55.639854837804,7.05798214022132,0.35917999238675,0.0495591468960213,NA,NA
"94","p",0.3764,0.0516,0.0188,0.0163,0.0302,0.0539,43.563921799712,11.3140453894081,43.563921799712,11.3140453894081,90.8007249160214,16.4105141248246,0.261503032927291,0.102080700302959,NA,NA
"95","p",0.0328,0.0133,0.0114,0.0162,0.03,0.0113,116.873100253971,16.4528695638629,116.873100253971,16.4528695638629,129.484919347773,21.503838024588,0.441278745717545,0.0138731878468728,0.147760250505312,0.00563484213140255
"96","p",0.2979,0.2004,0.3422,0.0342,0.0622,0.0734,57.5409724143573,8.34144623052959,57.5409724143573,8.34144623052959,45.2271543549954,19.0827349524765,0.202893681956603,0.259771036758948,NA,NA
"97","p",0.177,0.0344,0.0593,0.4373,0.2937,0.2714,74.3081700696263,13.8274309657321,74.3081700696263,13.8274309657321,88.2375786404859,9.44681545616056,0.266170161781498,0.141266261913586,NA,NA
"98","p",0.2108,0.0814,0.3254,0.3818,0.3402,0.2726,71.2925497063767,11.8036962616822,71.2925497063767,11.8036962616822,48.2019342975954,10.5598673826365,0.235714336695849,0.195373812037863,NA,NA
"99","p",0.0161,0.0734,0.084,0.0554,0.031,0.015,130.796751902817,11.6281282242991,130.796751902817,11.6281282242991,78.1375151613492,17.0007041909768,0.268879827750283,0.130460438761369,NA,NA
"100","p",0.0957,0.1416,0.0795,0.096,0.1678,0.0674,94.2925988433103,9.97005514018691,94.2925988433103,9.97005514018691,84.3351059827539,15.780603527751,0.229083614389035,0.210384075828491,NA,NA
"101","p",0.0214,0.0013,0.0032,0.0026,0.005,0.0016,115.448036911445,18.8709660124611,115.448036911445,18.8709660124611,131.142661869976,21.7457814893501,0.443316344689757,0.00747815670416221,0.101005783451551,0.00475755113097657
"102","p",0.2205,0.0613,0.0171,0.0109,0.021,0.0303,65.5099774335839,11.8443478816199,65.5099774335839,11.8443478816199,111.64906176618,21.9811500549671,0.221961267605632,0.202020525795859,NA,NA
"103","p",0.3435,0.1224,0.0612,0.3991,0.5236,0.3859,52.0597485262648,10.1097075077882,52.0597485262648,10.1097075077882,84.202382853505,9.73863837120737,0.179315759421392,0.31165397486545,NA,NA
"104","p",0.9833,0.5069,0.3695,0.3999,0.5997,0.7229,1.0292557417623,4.47375485981309,-1.0292557417623,4.47375485981309,44.6514814182764,10.3221337144448,0.00428870098972209,0.981314747286079,NA,NA
"105","p",0.0124,0.0053,0.0427,0.0626,0.0237,0.0137,131.995729179865,17.5238399065421,131.995729179865,17.5238399065421,91.8707446800374,15.9562684248711,0.383260426341832,0.0275473976342299,NA,NA
"106","p",4e-04,0.002,0.1539,0.0828,7e-04,0.0016,173.459594088199,18.3799124922118,173.459594088199,18.3799124922118,56.0907552215461,13.9410034655541,0.484509674533685,0.00340278185341765,NA,NA
"107","p",0.1729,0.0472,0.0097,0.0339,0.0619,0.051,72.5403548781088,12.5277032087227,72.5403548781088,12.5277032087227,120.645391957408,17.6982766737023,0.255647119337646,0.138765343813316,NA,NA
"108","p",0.8802,0.7534,0.6206,0.671,0.8624,0.8724,7.76472284482655,1.99039834890966,-7.76472284482655,1.99039834890966,25.4456091842434,6.36458762775241,-0.00926285020936422,0.956255591324341,NA,NA
"109","p",0.0673,0.0213,0.0011,0.0208,0.0388,0.0194,95.4190174555684,14.3121968847352,95.4190174555684,14.3121968847352,171.333829564967,17.8004365406695,0.321340982108867,0.0569624154864942,NA,NA
"110","p",0.881,0.7316,0.3567,0.5077,0.7176,0.772,8.46184449597312,2.27059137071651,8.46184449597312,2.27059137071651,44.2586866334259,8.82698005546013,-0.0419736438903689,0.815852761086286,NA,NA
"111","p",0.6642,0.4701,0.2425,0.5269,0.7296,0.671,22.9542623594188,4.69294199376947,22.9542623594188,4.69294199376947,51.8084380445543,8.09047464524218,0.118726922344879,0.501352084243105,NA,NA
"112","p",0.1318,0.0522,0.1732,0.1455,0.2224,0.11,87.8507121567229,13.4960726168224,87.8507121567229,13.4960726168224,68.8663039456875,15.3100173010846,0.303903585839358,0.106725062945671,NA,NA
"113","p",0.0777,0.018,0.0142,0.0144,0.0269,0.0169,94.4576434804999,15.2351929595016,94.4576434804999,15.2351929595016,112.010586936549,19.9847738510337,0.359366464598398,0.0367847514220756,0.218764564985045,0.00425132060138155
"114","p",0.0323,0.0129,0.0067,0.0378,0.0595,0.0181,112.107191449855,15.6303772274143,112.107191449855,15.6303772274143,123.647459224884,16.5704871252557,0.288804099733534,0.0938419685607293,NA,NA
"115","p",0.0143,0.1361,0.3922,0.0595,0.027,0.0144,132.147377354541,9.79389588785047,132.147377354541,9.79389588785047,41.9831759501756,17.0918005987541,0.254638021507421,0.156594937273005,NA,NA
"116","p",0.2208,0.0807,0.0501,0.0621,0.1131,0.0871,65.0836341866281,11.0878201557632,65.0836341866281,11.0878201557632,86.9102586862965,16.1306800979581,0.220825391130565,0.208637690489426,NA,NA
"117","p",0.4133,0.0784,0.0055,0.0186,0.0341,0.0609,45.8495212561395,11.7436140186916,45.8495212561395,11.7436140186916,144.076578349577,20.5451385410607,0.17683716692044,0.323475048879742,NA,NA
"118","p",0.2645,0.4414,0.2373,0.0421,0.0751,0.0751,61.6332198938504,5.06004277258567,61.6332198938504,5.06004277258567,54.9519335886528,18.9058852049153,0.0538624838218495,0.764752906407944,NA,NA
"119","p",0.9572,0.7257,0.2819,0.368,0.5612,0.6842,3.04175344852358,2.34949277258567,-3.04175344852358,2.34949277258567,53.1078746229889,10.8840429553612,0.0206004320517699,0.911090709259893,NA,NA
"120","p",0.5431,0.5885,0.2646,0.3883,0.5816,0.5058,31.8501181069237,3.38610470404984,31.8501181069237,3.38610470404984,45.564271827067,8.83662002711525,0.0430908469737339,0.798335012997158,NA,NA
"121","p",0.1005,0.0555,4e-04,0.0012,0.0024,0.0041,90.7008174283262,12.547512741433,90.7008174283262,12.547512741433,215.514743830244,29.2261702161156,0.186252965359724,0.300185212704527,NA,NA
"122","p",0.0081,0.0362,0.0472,0.0304,0.0149,0.007,137.933848743552,13.352371682243,137.933848743552,13.352371682243,89.4406397947196,18.1639784286101,0.347839670727062,0.0488253029309903,0.307268002321336,-0.00135677979996721
"123","p",0.6584,0.4659,0.3384,0.2896,0.4572,0.4734,24.0610154629479,4.76714753894081,24.0610154629479,4.76714753894081,44.898788912064,11.0291399281889,0.0940259488009129,0.594844902530092,NA,NA
"124","p",0.624,0.6479,0.5481,0.6114,0.8159,0.7052,25.9869222759612,2.87231152647975,25.9869222759612,2.87231152647975,31.0282425998516,7.35423697146464,0.0143270279786827,0.935029621254823,NA,NA
"125","p",0.3223,0.0674,0.0309,0.0099,0.0182,0.0343,52.3605294230206,11.5125268847352,52.3605294230206,11.5125268847352,94.0681030792361,20.7016422204424,0.290268622002282,0.093265461700546,NA,NA
"126","p",0.139,0.2096,0.7488,0.7013,0.233,0.3114,80.5730903678145,8.2191630529595,80.5730903678145,8.2191630529595,22.2282857920455,6.53417981502191,0.241117992957745,0.175657904537812,NA,NA
"127","p",0.134,0.0228,0.0054,0.0502,0.0866,0.0572,81.3933215898688,14.705629376947,81.3933215898688,14.705629376947,154.16426175373,18.3179104714095,0.315151385610961,0.0765491486850533,NA,NA
"128","p",0.1521,0.0997,0.4715,0.1155,0.2009,0.1019,78.6692216062961,10.7321743613707,78.6692216062961,10.7321743613707,36.1170243366274,14.6682538189861,0.246945136086789,0.165125164837556,NA,NA
"129","p",0.1023,0.0821,0.1638,0.1266,0.1765,0.0845,90.5160314156838,11.4412680996885,90.5160314156838,11.4412680996885,64.3046104830079,15.0582621708923,0.212189079748761,0.23831462758619,NA,NA
"130","p",0.1313,0.1042,0.0183,0.1202,0.2068,0.0955,77.8423691323041,9.84056878504673,77.8423691323041,9.84056878504673,99.6184929923191,12.918235218954,0.142976956604491,0.394338329370131,NA,NA
"131","p",0.0134,0.0056,0.0026,0.0037,0.007,0.0021,125.266669356206,16.8334214641745,125.266669356206,16.8334214641745,136.993509146532,22.7018992586395,0.335675229349065,0.046402119997813,0.309938426741501,0.0017881462843518
"132","p",0.8202,0.8145,0.9293,0.9003,0.9492,0.9422,12.5833240171144,1.52395978193146,-12.5833240171144,-1.52395978193146,12.2103337310112,4.21548729733375,-0.0606858793300338,0.739616175135467,NA,NA
"133","p",0.2673,0.1964,0.1987,0.3076,0.4247,0.2813,63.0172647100456,8.65794788161994,63.0172647100456,8.65794788161994,60.7509235618843,11.4598588873125,0.189927251617814,0.297151260587179,NA,NA
"134","p",0.0086,0.0011,0.0134,0.069,0.0155,0.0109,143.636740391028,21.3134498130841,143.636740391028,21.3134498130841,119.484516323092,16.8307171217372,0.545043682908256,0.00198889475681016,NA,NA
"135","p",0.0237,0.2696,0.2332,0.0479,0.0431,0.0172,122.251083169602,7.07366408099688,122.251083169602,7.07366408099688,52.7128535089665,17.1211517181032,0.132290063760943,0.451450599520898,NA,NA
"136","p",0.1146,0.0256,0.0755,0.1703,0.1977,0.1106,86.9044563962287,14.3564685358255,86.9044563962287,14.3564685358255,79.5394919313222,13.0405739219881,0.306516307575178,0.0831549521610362,NA,NA
"137","p",0.68,0.8782,0.1799,0.442,0.6374,0.6156,22.6984978510118,0.957079470404986,-22.6984978510118,-0.957079470404986,60.0187080527399,9.02433468859248,-0.144865050437761,0.415275351923847,NA,NA
"138","p",0.1258,0.0116,8e-04,0.0041,0.0078,0.0109,80.9228284461656,15.8100504984424,80.9228284461656,15.8100504984424,166.5667127588,21.6466714439491,0.33641467358203,0.0505446774155568,NA,NA
"139","p",0.2108,0.0449,0.0412,0.2528,0.3453,0.2144,72.0943070847306,13.553674517134,72.0943070847306,13.553674517134,98.9913105776566,12.3042723682587,0.468810691853822,0.0101905291176623,NA,NA
"140","p",0.515,0.7708,0.0078,0.0149,0.0279,0.0616,32.7539046165731,1.77430912772586,-32.7539046165731,1.77430912772586,122.546910219793,19.7881668013724,-0.112278572516177,0.503027911024573,NA,NA
"141","p",0.1192,0.0363,0.0497,0.0201,0.0383,0.0279,79.1670199472039,12.6684312461059,79.1670199472039,12.6684312461059,79.2872426889402,17.7113543454429,0.291219251046819,0.0791652792028867,NA,NA
"142","p",0.0451,0.0163,0.0865,0.0476,0.0815,0.027,109.132703869628,15.2722630529595,109.132703869628,15.2722630529595,75.8989019783097,18.407950333352,0.310530729920058,0.0779826500144122,NA,NA
"143","p",0.0133,0.0263,0.109,0.0442,0.025,0.012,136.284713143052,14.5702496573209,136.284713143052,14.5702496573209,73.8017671682476,18.7176007318473,0.335636886181954,0.0644984705015727,NA,NA
"144","p",0.2343,0.0436,0.2018,0.3325,0.3801,0.2726,65.3321230000216,13.2353878193146,65.3321230000216,13.2353878193146,58.3546734668211,10.7068959017737,0.308767770270268,0.0841348657297507,NA,NA
"145","p",0.0414,0.0331,0.0017,8e-04,0.0016,0.0022,111.448747901585,14.0612249844237,111.448747901585,14.0612249844237,159.096280202803,28.2845476549038,0.274048239436618,0.123978934546154,NA,NA
"146","p",0.1604,0.0676,0.3445,0.763,0.2712,0.3638,77.9030224265373,12.1181799065421,77.9030224265373,12.1181799065421,45.1912967646953,6.20652975502763,0.239606205748,0.181786232023335,NA,NA
"147","p",0.0016,0.0015,0.0414,0.1629,0.0032,0.0068,162.637320718915,19.3464352647975,162.637320718915,19.3464352647975,86.1970003340997,12.4651837411847,0.469516925199844,0.00566826561497784,NA,NA
"148","p",0.015,0.0179,0.0645,0.1163,0.0273,0.0224,130.133258359269,15.0393284423676,130.133258359269,15.0393284423676,78.6199701588122,13.8187018398846,0.274116558812331,0.113303749209912,NA,NA
"149","p",0.1299,0.0135,0.0016,0.005,0.0097,0.0128,83.4139028797965,16.2725250778816,83.4139028797965,16.2725250778816,179.891400614597,24.7232032159942,0.327389969547009,0.0679414486170487,NA,NA
"150","p",0.331,0.0849,0.0051,0.0026,0.0049,0.0134,51.5507650268763,10.7762924299065,51.5507650268763,10.7762924299065,128.484888200664,23.1263675272702,0.208387308717166,0.221469372357818,NA,NA
"151","p",0.0068,0.0107,0.0529,0.1195,0.0129,0.0149,137.568677395206,15.9119008722741,137.568677395206,15.9119008722741,79.6646445424341,12.8139823971724,0.420829283403118,0.0123483154089644,NA,NA
"152","p",0.0973,0.0973,0.1351,0.0402,0.0734,0.0398,92.4154200741617,11.0114529906542,92.4154200741617,11.0114529906542,68.5750205724481,18.0309368150719,0.328962827369621,0.0688708970584883,NA,NA
"153","p",0.8992,0.6875,0.119,0.1115,0.1944,0.3216,6.50981633895083,2.42777470404985,-6.50981633895083,2.42777470404985,61.634335711476,12.5349128704155,-0.0153758755234105,0.926304755875413,NA,NA
"154","p",0.0876,0.0091,0.0015,0.0208,0.0393,0.0236,90.5810266275268,16.2351441744548,90.5810266275268,16.2351441744548,165.874073462758,18.9950096203426,0.416972962504755,0.0148655447715475,0.162461649146105,0.00422731219038864
"155","p",0.0122,0.0106,0.0017,0.0101,0.0193,0.0042,130.513070206083,16.0708668224299,130.513070206083,16.0708668224299,158.814567771946,19.863256541394,0.335637165017127,0.0489225032520854,0.261938826179111,0.00432242990654205
"156","p",0.6655,0.5237,0.0655,0.2944,0.4606,0.4821,22.6299330733256,4.04839981308411,22.6299330733256,4.04839981308411,79.8506536694131,10.391995892963,0.0141030234107346,0.934636486765962,NA,NA
"157","p",0.148,0.1352,0.3288,0.4259,0.2484,0.2342,77.3975631659941,9.39617887850467,77.3975631659941,9.39617887850467,42.980113207266,8.89252500619401,0.195130974495621,0.260158413715503,NA,NA
"158","p",0.0142,0.0059,0.0267,0.0186,0.0269,0.0063,136.136181284753,18.1935140186916,136.136181284753,18.1935140186916,106.914797579073,20.3024414076247,0.438054429958124,0.014709130939924,0.186971532725118,0.00296729883925379
"159","p",0.0072,0.0148,0.0186,0.0051,0.0097,0.0017,150.271116921638,16.2000570716511,150.271116921638,16.2000570716511,117.313361721304,27.2440208466914,0.348344165397789,0.0500027999606017,NA,NA
"160","p",0.5518,0.2057,0.0063,0.0147,0.0274,0.0632,29.8118220864597,7.73463557632399,29.8118220864597,7.73463557632399,125.088379497081,18.4303662505929,0.0710510163684806,0.673309853951023,NA,NA
"161","p",0.6137,0.3254,0.1347,0.5804,0.7886,0.6815,26.4589666874782,6.23485588785047,26.4589666874782,6.23485588785047,62.5907374497364,7.2261225003156,0.142598696231442,0.403560205839914,NA,NA
"162","p",0.3364,0.2789,0.0754,0.3128,0.4895,0.3277,49.1197162636605,6.64601037383178,49.1197162636605,6.64601037383178,69.9131146216101,9.5403131796428,0.126081986105823,0.449523222381444,NA,NA
"163","p",0.826,0.5641,0.4244,0.6926,0.8709,0.8554,11.7545102862883,3.5934053271028,11.7545102862883,3.5934053271028,36.5293929372576,6.21944242001785,0.0760179558431666,0.66217592560301,NA,NA
"164","p",0.0625,0.031,0.001,0.0063,0.0122,0.0096,99.5746010773635,13.7646918691589,99.5746010773635,13.7646918691589,161.53087813602,21.1154829812977,0.303082185953557,0.0822100240657715,NA,NA
"165","p",0.1784,0.1356,0.0941,0.2425,0.2988,0.188,73.3203382465367,9.6227031775701,73.3203382465367,9.6227031775701,77.46517951116,12.1913629432522,0.23939120098972,0.182806423089172,NA,NA
"166","p",0.0433,0.0156,0.0132,0.0045,0.0086,0.0055,108.588413054266,15.7262368535826,108.588413054266,15.7262368535826,118.06015713386,22.5276608711332,0.327990069470877,0.0641811381895644,NA,NA
"167","p",0.293,0.3949,0.2728,0.5302,0.4572,0.4181,55.6730790455378,5.32552619937695,55.6730790455378,5.32552619937695,46.5587402290027,7.52709422516519,0.118146664446135,0.491592912935438,NA,NA
"168","p",0.5527,0.7558,0.7246,0.7446,0.7647,0.7366,29.978806535979,1.89160750778816,29.978806535979,1.89160750778816,20.7628363363791,5.48604666345176,-0.0265766587362008,0.874598208114163,NA,NA
"169","p",0.5011,0.482,0.3858,0.6302,0.7115,0.647,36.5840575421446,4.43038018691589,36.5840575421446,4.43038018691589,40.6972298046093,7.29763929015469,0.0340142900647124,0.847101252161908,NA,NA
"170","p",0.0533,0.0253,0.0016,0.0203,0.0386,0.017,105.115728510615,14.4025618380062,105.115728510615,14.4025618380062,159.933039228989,19.7871713038561,0.269071375142746,0.126306239455698,NA,NA
"171","p",2e-04,0,6e-04,0.004,4e-04,1e-04,186.227597805564,25.333119376947,186.227597805564,25.333119376947,179.058508747175,23.6558786885561,0.573568910354012,0.000813382223540301,0.106479225822354,-0.00574017229880962
"172","p",0.0297,0.008,0.0097,0.1566,0.0555,0.0453,115.573031162439,16.7199241433022,115.573031162439,16.7199241433022,122.230175660367,12.6516379031455,0.458966874762082,0.00758015425405036,NA,NA
"173","p",0.2164,0.264,0.0069,0.0817,0.1452,0.1006,68.0153904775876,7.30742115264798,68.0153904775876,7.30742115264798,129.456814378958,16.0082405351748,0.0581303511610197,0.744071827678269,NA,NA
"174","p",0.0644,0.1467,0.4673,0.0834,0.1145,0.0476,98.5317860195709,9.26609317757009,98.5317860195709,9.26609317757009,35.5687900811348,15.5933558429352,0.265879810620478,0.130349009910232,NA,NA
"175","p",0.7971,0.7843,0.2665,0.2925,0.465,0.5385,15.0378190160131,1.85224249221184,15.0378190160131,1.85224249221184,54.4988124049851,11.8813002137019,-0.0358243604872476,0.845840998136925,NA,NA
"176","p",0.0038,0.0012,0.0155,0.0024,0.0047,8e-04,160.217191657289,20.521893271028,160.217191657289,20.521893271028,126.604761833226,29.83031381448,0.542828833269885,0.00293796648688888,0.0969969640905554,-0.00183066566405272
"177","p",0.4087,0.5222,0.6342,0.2307,0.374,0.3097,44.6744617966882,4.1275046728972,44.6744617966882,4.1275046728972,26.4089327302062,11.8140502098977,0.110045961172439,0.531716531988045,NA,NA
"178","p",0.3709,0.2892,0.2138,0.4243,0.5567,0.4233,47.0395665260059,6.60696573208723,47.0395665260059,6.60696573208723,51.5574883988052,8.61895349183757,0.0964280976398927,0.571415276297703,NA,NA
"179","p",0.0048,0.0087,0.0239,0.0866,0.0094,0.0098,154.415447430109,17.0732723987539,154.415447430109,17.0732723987539,115.050990781122,16.3833772634565,0.469628986486483,0.0101009106615256,NA,NA
"180","p",0.5196,0.3271,0.2088,0.6818,0.7259,0.6761,32.4801528563691,5.99278604361371,32.4801528563691,5.99278604361371,51.064462536533,5.88728120451313,0.127634496574038,0.449552717723059,NA,NA
"181","p",0.1424,0.0875,0.0977,0.3116,0.2426,0.1919,78.361150052798,10.8456431775701,78.361150052798,10.8456431775701,70.4071731922441,10.2332883183416,0.160390009516557,0.352846994858211,NA,NA
"182","p",0.1258,0.0872,0.5093,0.8073,0.2156,0.3215,84.1092080573389,11.3428927725857,84.1092080573389,11.3428927725857,34.7582920789129,5.66865748342755,0.277577611343736,0.123297888205745,NA,NA
"183","p",0.4307,0.4645,0.0409,0.0301,0.0542,0.0837,43.1701180342771,4.75713919003115,43.1701180342771,4.75713919003115,95.3193129953227,20.398244431755,-0.0190764132089836,0.914753204751506,NA,NA
"184","p",0.0901,0.0332,0.0394,0.1486,0.1575,0.09,91.09834659762,13.7149791277259,91.09834659762,13.7149791277259,93.091026702312,13.3968371168802,0.264494413779975,0.129334127464617,NA,NA
"185","p",0.0437,0.0243,0.0684,0.2362,0.0796,0.0716,101.852740301842,13.4699504049844,101.852740301842,13.4699504049844,72.1508064829653,10.4907875485517,0.344646413208981,0.0381841481702145,NA,NA
"186","p",0.0133,0.1216,0.6031,0.0799,0.0246,0.0179,132.51446433224,10.007431588785,132.51446433224,10.007431588785,28.0247885077554,16.0672252789875,0.259078578226111,0.142930553050103,NA,NA
"187","p",0.2811,0.1044,0.0759,0.1396,0.2372,0.1754,52.8499774532638,9.59597803738318,52.8499774532638,9.59597803738318,66.3824162277793,11.6054552486196,0.206200677578986,0.200016436430506,NA,NA
"188","p",0.4937,0.2093,0.0128,0.012,0.0225,0.0506,38.6794825112902,8.37861875389408,38.6794825112902,8.37861875389408,125.104985478905,21.6294569336059,0.140819622192614,0.435761374588989,NA,NA
"189","p",0.0074,0.0055,5e-04,0.0112,0.0137,0.0038,137.697631660542,17.0078430218069,137.697631660542,17.0078430218069,184.330106890153,20.7467220332894,0.317313007232582,0.0574873535959367,NA,NA
"190","p",0.0155,5e-04,1e-04,0.0062,0.0119,0.0033,138.22142358824,23.458398411215,138.22142358824,23.458398411215,239.299568850489,26.6757313492768,0.643960894556523,0.000458693728859816,0.105160203797189,-0.00183066566405272
"191","p",0.3112,0.1113,0.0551,0.088,0.1549,0.14,55.5324689275216,10.3852625545171,55.5324689275216,10.3852625545171,85.3911505993548,15.2928722150995,0.17222816520746,0.329011554247333,NA,NA
"192","p",0.6588,0.4074,0.522,0.3692,0.5611,0.5479,23.8871034257133,5.3388192211838,23.8871034257133,5.3388192211838,32.6140422424368,9.99068342365136,0.0731750637609435,0.679595552599828,NA,NA
"193","p",0.1235,0.275,0.958,0.8632,0.2111,0.3272,82.8773672989237,7.1116085046729,82.8773672989237,7.1116085046729,10.2063766240436,4.83983237503455,0.200113092881612,0.252710383718229,NA,NA
"194","p",0.0808,0.0435,0.1208,0.3225,0.1432,0.1338,87.7471664672999,11.9572428660436,87.7471664672999,11.9572428660436,58.6885770624597,9.00593438836417,0.211937642748381,0.19190379857453,NA,NA
"195","p",0.1021,0.1258,0.0844,0.1238,0.1783,0.0842,83.3913975906684,9.39446566978193,83.3913975906684,9.39446566978193,68.0457837506146,12.3938772262918,0.145735214122572,0.379155072699735,NA,NA
"196","p",0.4211,0.0444,0.0054,0.0082,0.0152,0.0336,43.6515078555077,12.9803608099689,43.6515078555077,12.9803608099689,133.896172978346,21.5109876305481,0.269501318995049,0.124621324080298,NA,NA
"197","p",0.3094,0.2383,0.0012,0.0439,0.0794,0.0882,52.8396436583942,7.29745180685358,52.8396436583942,7.29745180685358,146.610448982103,16.512591513598,0.157337813094784,0.352635489566249,NA,NA
"198","p",0.1811,0.036,0.0023,0.0015,0.0029,0.0071,68.8137541491719,12.848949470405,68.8137541491719,12.848949470405,143.906667387241,24.1358478560376,0.235857308717166,0.16186832884439,NA,NA
"199","p",0.8244,0.5808,0.3535,0.3328,0.5119,0.5833,12.0839152982393,3.5122800623053,12.0839152982393,3.5122800623053,41.7967640548704,10.1055502081694,0.0794903149980961,0.64717453933582,NA,NA
"200","p",0.0352,0.0082,0.0195,0.046,0.0654,0.0228,122.503320251467,18.2492488161994,122.503320251467,18.2492488161994,118.579645265436,18.6638196795101,0.39093451180053,0.0343796933580503,0.270429363798685,0.00545036751510975
