"","X","pLW","pLU","pQU","pQH","pMin","pFisher","SW","SL","SWwin","SLwin","SC","SQ","CMCBeta","pBeta","muBk","muPk"
"1","p",0.3305,0.1112,0.0099,0.0358,0.064,0.0811,41.6249601109955,8.57261059190031,-41.6249601109955,-8.57261059190031,124.978721503633,12.7659931278642,-0.266779674981102,0.173791104426646,NA,NA
"2","p",0.8298,0.9367,0.5442,0.7567,0.9102,0.8837,9.40929832167949,0.434331464174455,9.40929832167949,0.434331464174455,19.3805591661144,3.28751510191431,-0.0508566402116399,0.798124157773622,NA,NA
"3","p",0.2618,0.8877,0.511,0.4111,0.406,0.3297,48.9574792335334,0.739721713395638,-48.9574792335334,-0.739721713395638,20.5208807048734,5.96521338793254,-0.127313847316704,0.524503180812765,NA,NA
"4","p",0.3899,0.5492,0.2978,0.243,0.3891,0.3113,37.8806154410097,3.30545644859813,-37.8806154410097,-3.30545644859813,33.7129398785307,7.92601686494564,-0.0753920294784575,0.708168699016286,NA,NA
"5","p",0.0042,0.006,0.0572,0.1245,0.0078,0.012,125.126411484427,15.2709034267913,125.126411484427,15.2709034267913,79.8708397502618,10.2561685553053,0.450995340136052,0.0265120597218109,NA,NA
"6","p",0.1922,0.5372,0.5718,0.5867,0.3132,0.3456,55.5448272795525,3.26446168224299,55.5448272795525,3.26446168224299,17.329709432126,4.34768695915605,0.168398030990173,0.383790201435991,NA,NA
"7","p",0.8888,0.832,0.3416,0.1559,0.2577,0.3862,6.34566386012997,1.21506476635514,-6.34566386012997,1.21506476635514,29.8954000344408,9.08735229201115,0.00358434618291742,0.985678659336719,NA,NA
"8","p",0.9775,0.5601,0.5547,0.8657,0.9694,0.9787,1.24412407174765,3.102103894081,-1.24412407174765,3.102103894081,18.7387971915223,2.48146092666175,0.123334958427815,0.531709490420315,NA,NA
"9","p",0.2912,0.5136,0.839,0.6484,0.4449,0.4684,46.999786157229,3.57530398753894,-46.999786157229,-3.57530398753894,9.59035437724106,4.2466632235103,-0.0866970068027206,0.671715318032795,NA,NA
"10","p",0.8786,0.7683,0.423,0.1307,0.2189,0.344,6.41673006804636,1.54157912772586,6.41673006804636,1.54157912772586,22.6548120702944,8.65091462402501,0.0348267422524565,0.8545581156733,NA,NA
"11","p",0.1128,0.3025,0.6642,0.4692,0.1914,0.2128,71.2236976804029,5.86655130841121,71.2236976804029,5.86655130841121,15.9390022861891,5.76700601808127,0.256014108087678,0.212758752448066,NA,NA
"12","p",0.2732,0.5535,0.2328,0.0416,0.0719,0.0805,47.887481740572,3.29231451713395,-47.887481740572,-3.29231451713395,41.9875477135958,13.7608355939439,-0.219743231292516,0.282711139828386,NA,NA
"13","p",0.2291,0.3177,0.2055,0.1413,0.235,0.1539,52.4972800161149,5.47114127725857,52.4972800161149,5.47114127725857,43.0966424035957,9.63209009943403,0.186417588813302,0.356917246042608,NA,NA
"14","p",0.6934,0.2791,0.1387,0.7356,0.872,0.8059,16.6208906662638,5.80502579439252,-16.6208906662638,-5.80502579439252,52.6789382274093,3.34543156915507,-0.198208786848072,0.320270485916139,NA,NA
"15","p",0.3243,0.2669,0.4784,0.5623,0.4929,0.4584,43.1993507032047,6.10501644859813,43.1993507032047,6.10501644859813,23.0794460467176,4.85904757840003,0.218207105064247,0.278311009287222,NA,NA
"16","p",0.2665,0.2709,0.689,0.8188,0.411,0.5071,47.7868879340788,5.89631308411215,47.7868879340788,5.89631308411215,13.5589247907766,2.68735723522347,0.191585684051397,0.328019056807343,NA,NA
"17","p",0.9646,0.7633,0.5312,0.533,0.7284,0.811,1.87106550128821,1.65276884735203,1.87106550128821,-1.65276884735203,20.8261090518,5.11540025395775,-0.026751462585034,0.895082612401637,NA,NA
"18","p",0.8491,0.8129,0.4691,0.3368,0.5055,0.5942,7.56411512584767,1.22955246105919,-7.56411512584767,1.22955246105919,21.338802224652,6.24397922630583,0.0355962849584276,0.852909792868972,NA,NA
"19","p",0.8857,0.3926,0.1604,0.7365,0.9027,0.9015,6.57150838163636,4.69952632398754,-6.57150838163636,-4.69952632398754,49.8967513818443,3.58735890198486,-0.170197770219198,0.395596392841787,NA,NA
"20","p",0.785,0.6933,0.3831,0.4143,0.6035,0.6403,12.1763301321586,2.21042566978193,-12.1763301321586,-2.21042566978193,29.3770894484206,6.44575741792726,-0.111902671957671,0.587632977538077,NA,NA
"21","p",0.0192,0.0357,0.2285,0.223,0.0354,0.043,103.224379862512,11.7216813084112,103.224379862512,11.7216813084112,42.136252802175,8.421441134124,0.377854191232047,0.0652279934780706,NA,NA
"22","p",0.6348,0.2696,0.2787,0.076,0.1335,0.2063,20.3374376527631,6.00840704049844,20.3374376527631,6.00840704049844,34.6769114623906,11.0616266770629,0.207824429327285,0.295341611817777,NA,NA
"23","p",0.273,0.4407,0.8233,0.6488,0.4239,0.4483,46.7529275672479,4.1024283800623,46.7529275672479,4.1024283800623,9.39480364216123,3.95682844792679,0.126074410430838,0.518175009523555,NA,NA
"24","p",0.8861,0.945,0.5507,0.8627,0.9679,0.9491,5.7315398573423,0.381558691588785,5.7315398573423,-0.381558691588785,19.6088608553638,2.5004651550904,-0.00874133786848074,0.965162710754832,NA,NA
"25","p",0.6217,0.5659,0.1573,0.2509,0.3967,0.4178,20.7511644959467,3.07968289719626,-20.7511644959467,-3.07968289719626,47.5643736279836,7.39983971370118,-0.143994452003023,0.459775307539185,NA,NA
"26","p",0.6105,0.426,0.6566,0.847,0.8047,0.8112,20.9803047754824,4.10168548286604,20.9803047754824,4.10168548286604,13.3643141042943,2.32847810481093,0.167758522297807,0.373848325005894,NA,NA
"27","p",0.1107,0.0974,0.2401,0.6996,0.1871,0.268,72.0659695446045,9.22311485981308,-72.0659695446045,-9.22311485981308,40.3638520527407,4.06085599834726,-0.378910547996975,0.065271683307546,NA,NA
"28","p",0.4631,0.4154,0.6965,0.8359,0.6592,0.703,32.8997534600012,4.65371473520249,32.8997534600012,4.65371473520249,14.8631886634645,2.99731331165065,0.133998972033257,0.520888545532996,NA,NA
"29","p",0.5285,0.9297,0.4034,0.7759,0.7245,0.7231,28.8637658447492,0.50416660436137,28.8637658447492,0.50416660436137,28.3234850731056,3.5324406474564,0.122883767951624,0.552643780143184,NA,NA
"30","p",0.4691,0.3707,0.4531,0.4537,0.6446,0.5045,31.7039041611356,5.02325165109034,31.7039041611356,5.02325165109034,24.7610584975127,5.8539686515425,0.211597142857142,0.297064545313286,NA,NA
"31","p",0.5724,0.7883,0.3004,0.1566,0.2558,0.2941,25.6148248135026,1.55448476635514,25.6148248135026,1.55448476635514,35.756224128723,9.83328012466784,0.0615382312925168,0.765577875794138,NA,NA
"32","p",0.4978,0.4551,0.301,0.1653,0.2716,0.2826,29.5474654610107,4.06809548286604,29.5474654610107,4.06809548286604,33.3412598196759,8.87223213247789,0.160517218442932,0.419997298010072,NA,NA
"33","p",0.2391,0.4329,0.8873,0.6671,0.3777,0.4227,51.5652763189001,4.34591607476636,-51.5652763189001,-4.34591607476636,7.82884290793608,4.08227022524038,-0.24426947089947,0.227506658613157,NA,NA
"34","p",0.0527,0.1485,0.2512,0.2017,0.0928,0.0793,86.463592582551,8.11180747663551,86.463592582551,8.11180747663551,38.7671289217259,8.836693996563,0.217588087679515,0.285930250341858,NA,NA
"35","p",0.6934,0.5791,0.0996,0.257,0.4047,0.4508,17.8646933912593,3.05607644859813,17.8646933912593,-3.05607644859813,66.6395333690055,8.21962350490228,-0.0963431632653057,0.642015166493229,NA,NA
"36","p",0.1836,0.1741,0.4062,0.3906,0.2976,0.2602,58.7624690906603,7.46109118380063,58.7624690906603,7.46109118380063,26.7938692040572,6.40972562688154,0.332826379440664,0.100123167784438,NA,NA
"37","p",0.965,0.7135,0.5869,0.9302,0.9891,0.9877,2.1020250056015,2.15752429906542,-2.1020250056015,-2.15752429906542,19.4178898681231,1.94668792937985,-0.100789535147392,0.626428066447885,NA,NA
"38","p",0.5063,0.9191,0.3246,0.0827,0.1412,0.1842,29.9187114397053,0.576860373831775,29.9187114397053,0.576860373831775,32.3426939045348,11.2914222236048,0.0838948941798939,0.68060398628408,NA,NA
"39","p",0.0213,0.0709,0.0864,0.0076,0.0144,0.0056,95.4089631886397,9.43025302180686,95.4089631886397,9.43025302180686,60.14154011615,16.0656661641614,0.301557876039303,0.11186193641131,NA,NA
"40","p",0.4192,0.6683,0.8512,0.817,0.6039,0.6526,35.6609509878823,2.42449526479751,-35.6609509878823,-2.42449526479751,8.72594181697818,2.82258134899942,-0.0241956349206348,0.90405884195606,NA,NA
"41","p",0.66,0.573,0.4872,0.5093,0.7054,0.6497,20.0530476039836,3.24633514018691,20.0530476039836,3.24633514018691,24.5344706667304,5.73109460434118,0.0404570672713527,0.847722502644876,NA,NA
"42","p",0.9907,0.5159,0.0355,0.029,0.0523,0.1494,0.476269375628775,3.41214769470405,0.476269375628775,-3.41214769470405,83.1488256491313,12.7125219584465,-0.222922018140589,0.240282515831589,NA,NA
"43","p",0.4098,0.3301,0.6036,0.8584,0.5933,0.6628,35.25966373446,5.14813127725857,35.25966373446,5.14813127725857,16.3679546303699,2.44005699950383,0.0806161829176111,0.679540277704572,NA,NA
"44","p",0.1335,0.456,0.2276,0.0967,0.1645,0.0877,62.3994156710584,3.96539959501558,62.3994156710584,3.96539959501558,36.9696919820936,9.77885915344937,0.188445971277399,0.327993360323485,NA,NA
"45","p",0.2218,0.5924,0.5593,0.328,0.3543,0.2634,52.0607776167814,2.88036903426791,-52.0607776167814,-2.88036903426791,17.9096846862164,6.4183692081424,-0.172939595616023,0.372652680005392,NA,NA
"46","p",0.6715,0.8458,0.1391,0.1914,0.3049,0.3719,18.8527097683582,1.04901283489097,18.8527097683582,1.04901283489097,55.0167122973473,9.16771089497483,-0.00994161753590327,0.961263354886781,NA,NA
"47","p",0.3385,0.0868,0.0392,0.0642,0.111,0.124,40.3348752471006,9.032183894081,40.3348752471006,9.032183894081,81.9342001482557,10.9115500830232,0.255036349206348,0.183696992843026,NA,NA
"48","p",0.9236,0.7673,0.9881,0.9957,0.9884,0.9922,4.30102651553742,1.60529239875389,-4.30102651553742,-1.60529239875389,2.65252014378251,0.5795739698636,-0.0572663832199544,0.769496540968416,NA,NA
"49","p",0.7057,0.2884,0.1864,0.7095,0.8804,0.7965,17.4143043195714,6.11222641744548,17.4143043195714,6.11222641744548,49.7682601666431,4.01226590974536,0.228174750566892,0.274210385115954,NA,NA
"50","p",0.3007,0.359,0.5335,0.5155,0.4581,0.4149,44.8042027405972,4.94105161993769,44.8042027405972,4.94105161993769,19.0324543581631,4.77880965916078,0.148693582766439,0.448029721775624,NA,NA
"51","p",0.8034,0.3798,0.2988,0.0393,0.0709,0.1511,10.8239445280586,4.83834451713396,10.8239445280586,4.83834451713396,32.9372258484067,12.6070753274272,0.109283321995464,0.580697444983832,NA,NA
"52","p",0.6284,0.4845,0.1222,0.0199,0.036,0.0866,20.9509879326145,3.73828358255452,20.9509879326145,3.73828358255452,52.7398649959966,13.6072907750326,0.111023337112622,0.566998245286029,NA,NA
"53","p",0.4291,0.6548,0.246,0.1549,0.2585,0.247,35.9188872747195,2.56195760124611,35.9188872747195,2.56195760124611,40.2536294290956,9.6660494986839,0.0386482388510958,0.850394016619568,NA,NA
"54","p",0.8362,0.8271,0.7661,0.5852,0.7823,0.7926,8.99316442823728,1.15765785046729,-8.99316442823728,1.15765785046729,10.8050393827995,4.30088856022792,-0.0079500188964475,0.966546715262597,NA,NA
"55","p",0.0689,0.3368,0.4061,0.1046,0.1196,0.0622,78.9349935274339,5.28321735202492,78.9349935274339,5.28321735202492,25.9643385547576,10.5157588875416,0.259564297052153,0.192475451227248,NA,NA
"56","p",0.1655,0.2458,0.6342,0.6902,0.2708,0.3403,61.4174402349427,6.51550174454829,61.4174402349427,6.51550174454829,16.4002820310069,3.91547737836516,0.17766775510204,0.373172461521889,NA,NA
"57","p",0.8761,0.8879,0.2433,0.4842,0.6771,0.7342,6.52957113469888,0.76289398753894,6.52957113469888,-0.76289398753894,38.9231693463012,5.35524519229494,-0.0639075434618288,0.749269550537352,NA,NA
"58","p",0.9236,0.9988,0.7003,0.5261,0.7183,0.7829,4.26015059429387,0.0101998753894086,4.26015059429387,0.0101998753894086,14.401631679281,5.31881121592036,0.00423747921390768,0.983480372565242,NA,NA
"59","p",0.5305,0.3253,0.4744,0.3777,0.5577,0.4849,28.5418735115499,5.49625626168224,28.5418735115499,5.49625626168224,23.7688901323651,6.59130544607465,0.151361130007558,0.458221970487941,NA,NA
"60","p",0.8438,0.6357,0.5567,0.3408,0.5193,0.5981,8.46646432679397,2.52074448598131,8.46646432679397,2.52074448598131,17.2459659337467,6.15713944663232,0.0570728873771728,0.763329113973914,NA,NA
"61","p",0.0861,0.094,0.175,0.1059,0.1489,0.0682,76.2814524167963,9.39266295950156,76.2814524167963,9.39266295950156,49.0325778239,10.689076832103,0.288428711262281,0.156847038600217,NA,NA
"62","p",0.8662,0.6523,0.6474,0.6344,0.8243,0.8397,7.36650821113307,2.42782193146417,7.36650821113307,2.42782193146417,15.4221970377881,4.27427171536,0.113255544217687,0.569619515958614,NA,NA
"63","p",0.7222,0.7926,0.8788,0.6487,0.83,0.7738,15.516989860238,1.43564925233645,15.516989860238,1.43564925233645,7.78496270303715,4.06363525080834,0.0908998979591832,0.643227520826457,NA,NA
"64","p",0.3941,0.487,0.8565,0.5795,0.582,0.5287,35.2660855583956,3.6030491588785,-35.2660855583956,-3.6030491588785,7.63831250805906,4.24233036258061,-0.0774504459561599,0.683584816365486,NA,NA
"65","p",0.9544,0.6687,0.335,0.2599,0.4016,0.5433,2.28916559563184,2.1609069470405,2.28916559563184,2.1609069470405,29.0828292210478,7.1927178426584,0.047495438397581,0.808915841353177,NA,NA
"66","p",0.6451,0.9954,0.8413,0.7614,0.8289,0.7921,21.3219033257502,0.0434001246105922,-21.3219033257502,-0.0434001246105922,9.9936588839969,3.65585188705115,-0.0533860241874525,0.798861838127623,NA,NA
"67","p",0.3569,0.4271,0.5778,0.3907,0.5345,0.3928,40.8517581732119,4.47050180685358,40.8517581732119,4.47050180685358,18.9328750617795,6.47161283354979,0.10718163643235,0.595894999795373,NA,NA
"68","p",0.1739,0.3336,0.3818,0.2038,0.2832,0.1691,61.4786742863627,5.44349442367601,61.4786742863627,5.44349442367601,28.3369519776787,8.69591907628667,0.183241870748298,0.367116565129941,NA,NA
"69","p",0.1658,0.0565,0.1279,0.2864,0.2719,0.199,58.3169118630086,10.0802162305296,58.3169118630086,10.0802162305296,50.6605960514931,6.91194159035439,0.349869973544972,0.0698419434968068,NA,NA
"70","p",0.3105,0.1713,0.2862,0.3609,0.4726,0.341,44.1792665707418,7.52931909657321,44.1792665707418,7.52931909657321,35.3284693919174,6.5691129900072,0.254983068783068,0.204742180912451,NA,NA
"71","p",0.5222,0.753,0.6745,0.7452,0.719,0.7017,26.957120836284,1.72096862928349,26.957120836284,1.72096862928349,14.0963741387584,3.27679806313457,0.0199047316704458,0.91894576581689,NA,NA
"72","p",0.2959,0.6243,0.7153,0.5442,0.4513,0.4242,44.4316332435404,2.59069127725857,-44.4316332435404,-2.59069127725857,12.7603915890845,4.63408602899076,-0.124631356764928,0.528137236575966,NA,NA
"73","p",0.6141,0.6744,0.8328,0.8803,0.8079,0.8323,22.071557697194,2.36307813084112,22.071557697194,2.36307813084112,9.61873189661558,2.47268733489309,0.0480297996976567,0.812336292741892,NA,NA
"74","p",0.4924,0.5041,0.4152,0.3622,0.5454,0.4556,31.8749137327295,3.82993386292835,31.8749137327295,3.82993386292835,28.1292452795965,7.03417910412907,0.0766734807256232,0.71371408982268,NA,NA
"75","p",0.9031,0.7628,0.4619,0.3623,0.5399,0.6381,5.45102077387892,1.68627906542056,5.45102077387892,1.68627906542056,25.8502262585086,7.22558251820013,-0.0103939304610733,0.96062983665949,NA,NA
"76","p",0.2994,0.1806,0.2642,0.7482,0.4653,0.52,46.477014820841,7.53833809968848,-46.477014820841,-7.53833809968848,38.8493267105702,3.76983842841933,-0.227645419501133,0.275193698575475,NA,NA
"77","p",0.8614,0.6382,0.1766,0.3904,0.5765,0.6565,8.09867894981531,2.74926339563863,-8.09867894981531,-2.74926339563863,48.3211792127994,6.47901646675136,-0.178848144368858,0.380044725240606,NA,NA
"78","p",0.3447,0.2078,0.3801,0.4427,0.5203,0.4108,42.0209487357639,6.93266021806854,42.0209487357639,6.93266021806854,28.7782580415414,5.98480834393746,0.294102101284957,0.15042413581247,NA,NA
"79","p",0.0939,0.1195,0.2192,0.2986,0.1632,0.1395,73.6488797925034,8.67108109034268,-73.6488797925034,-8.67108109034268,43.0359616207266,7.38386764641239,-0.355280563114133,0.0787906569764292,NA,NA
"80","p",0.4417,0.4979,0.0429,0.0063,0.0116,0.0331,33.2903534660631,3.68239168224299,-33.2903534660631,-3.68239168224299,83.8226891846895,17.5763271083517,-0.169212864701435,0.393582599599393,NA,NA
"81","p",0.1376,0.1561,0.4276,0.5068,0.2289,0.255,63.9460877515121,7.66997364485981,63.9460877515121,7.66997364485981,24.8073392651365,5.16574840866843,0.243711455026454,0.220684193199026,NA,NA
"82","p",0.2824,0.6112,0.9651,0.7642,0.4413,0.5094,48.0570815917825,2.92263872274143,-48.0570815917825,-2.92263872274143,4.50351341537392,3.53251956562761,-0.063724229024943,0.755983359883455,NA,NA
"83","p",0.4705,0.5616,0.3183,0.156,0.2539,0.2597,29.7096696545601,3.02106355140187,29.7096696545601,3.02106355140187,29.7291635292784,8.45572503928105,0.0322416402116401,0.866764895132314,NA,NA
"84","p",0.6615,0.8123,0.3875,0.8624,0.8483,0.8519,19.7031975127917,1.34238140186916,19.7031975127917,-1.34238140186916,27.9234917746466,2.82026033560573,-0.071007675736961,0.728503058354537,NA,NA
"85","p",0.876,0.6931,0.3963,0.3043,0.4667,0.5713,7.28440859600375,2.28582962616823,7.28440859600375,-2.28582962616823,30.362721239003,8.02990009664858,-0.101629599395313,0.631832241654753,NA,NA
"86","p",0.1451,0.5366,0.3435,0.3741,0.24,0.2166,65.3886815712363,3.56192943925234,65.3886815712363,3.56192943925234,32.5884498885331,6.79411205694959,0.184114538926681,0.371927822267596,NA,NA
"87","p",0.9009,0.5409,0.1948,0.5204,0.7183,0.7781,5.44554695145135,3.43307333333333,5.44554695145135,-3.43307333333333,44.8409873028222,5.23101339824317,-0.135210634920634,0.505159719423265,NA,NA
"88","p",0.7363,0.5668,0.5286,0.6258,0.8164,0.7687,14.715314660169,3.05807121495327,14.715314660169,3.05807121495327,19.9533890669068,4.2424257278701,0.110899659863945,0.574706647129439,NA,NA
"89","p",0.2332,0.5962,0.2506,0.0271,0.0497,0.0544,51.51571538469,2.8841361682243,51.51571538469,2.8841361682243,38.1631219787485,13.8599796908315,0.182048571428571,0.362510176511588,NA,NA
"90","p",0.9046,0.5293,0.1235,0.0536,0.0941,0.2022,5.15950801820018,3.4640215576324,-5.15950801820018,3.4640215576324,56.4785583634606,12.1847869230208,0.119731572184429,0.55001525790744,NA,NA
"91","p",0.4411,0.4946,0.3461,0.3029,0.4638,0.3768,35.9993700401406,3.96804968847352,-35.9993700401406,-3.96804968847352,34.1497792076973,8.26725482447642,-0.193160325018895,0.367987349129863,NA,NA
"92","p",0.4224,0.3283,0.1884,0.1141,0.1938,0.2047,33.9695245712769,5.15532956386293,33.9695245712769,5.15532956386293,42.1304805125386,9.50220322059061,0.111161708238851,0.565317152701174,NA,NA
"93","p",0.058,0.0642,0.1092,0.0811,0.1022,0.0454,87.198639013063,10.684615576324,-87.198639013063,-10.684615576324,65.6620453896603,12.3545533356681,-0.380911383219953,0.0704144843586191,NA,NA
"94","p",0.8146,0.9754,0.7728,0.865,0.9493,0.9266,9.31964489198792,0.153980342679128,-9.31964489198792,-0.153980342679128,9.85805558778325,2.24493588136257,0.049629879062736,0.787833683253189,NA,NA
"95","p",0.9742,0.8007,0.2992,0.635,0.8262,0.8803,1.55912342097303,1.42521881619938,1.55912342097303,-1.42521881619938,35.4146314698033,4.60691263708497,-0.10594843159486,0.609258081924672,NA,NA
"96","p",0.4305,0.3146,0.2655,0.2109,0.3384,0.2978,35.5962301161034,5.73598548286604,-35.5962301161034,-5.73598548286604,39.5406777017616,8.97439323154008,-0.251760396825396,0.224145485087174,NA,NA
"97","p",0.1205,0.1201,0.2496,0.1409,0.1987,0.1033,70.9326348001367,8.90598595015576,70.9326348001367,8.90598595015576,41.2902732952442,10.5409332783378,0.246931470143612,0.235828053320201,NA,NA
"98","p",0.8028,0.9008,0.7773,0.9207,0.9413,0.9424,11.2729190050161,0.717377289719626,11.2729190050161,0.717377289719626,12.3229824358253,2.11028690013817,0.0593630612244895,0.777120419776841,NA,NA
"99","p",0.3538,0.6652,0.0437,0.0116,0.021,0.0422,41.2263324000707,2.34598196261682,41.2263324000707,2.34598196261682,89.8624143677462,16.6733687122109,0.0188864928193498,0.926570178645907,NA,NA
"100","p",0.2402,0.0734,0.0522,0.0245,0.0435,0.0524,53.689185872118,10.3369174766355,53.689185872118,10.3369174766355,90.2827990444858,14.8770473422675,0.309820793650792,0.140755416576526,NA,NA
"101","p",0.9836,0.5399,0.4072,0.8096,0.9443,0.9641,0.786471238177716,3.23214489096573,-0.786471238177716,-3.23214489096573,23.8227761543451,2.73878471799302,-0.167068760393045,0.383350355553515,NA,NA
"102","p",0.4733,0.5433,0.5623,0.4649,0.6564,0.508,31.5420671969315,3.38253853582554,-31.5420671969315,-3.38253853582554,18.7244133780232,5.5134708853405,-0.12740895313681,0.524841012952076,NA,NA
"103","p",0.3155,0.3398,0.4717,0.4639,0.483,0.3982,44.535592195974,5.31071819314642,44.535592195974,5.31071819314642,23.4101120024692,5.83483036815179,0.160708998488283,0.430770808272997,NA,NA
"104","p",0.8819,0.6114,0.1952,0.07,0.1219,0.2385,7.50233115578849,2.96894252336448,-7.50233115578849,2.96894252336448,49.5053640576876,12.8097103834059,0.135518382464096,0.519939130143804,NA,NA
"105","p",0.1346,0.2303,0.1738,0.096,0.1638,0.0895,66.2965891320732,6.67709168224299,66.2965891320732,6.67709168224299,48.1852174628316,10.5855545375208,0.190329795918366,0.343018597014355,NA,NA
"106","p",0.5184,0.6232,0.8987,0.9235,0.7155,0.7859,27.1124701010955,2.59093180685358,27.1124701010955,2.59093180685358,6.691742451191,1.74980369737945,-0.00130326152683289,0.994573346092932,NA,NA
"107","p",0.5392,0.5624,0.1316,0.1567,0.2594,0.2844,27.1604413655388,3.15853442367601,-27.1604413655388,-3.15853442367601,53.5845838110606,9.07400425898661,-0.0891348450491303,0.654208253160915,NA,NA
"108","p",0.751,0.9526,0.3864,0.5943,0.7896,0.7583,13.5950043739488,0.344366947040498,13.5950043739488,-0.344366947040498,25.6873414970808,4.33029520781943,-0.0403006386999242,0.835672147903637,NA,NA
"109","p",0.8988,0.98,0.6844,0.5359,0.7344,0.7878,5.51925230483516,0.130852741433023,-5.51925230483516,0.130852741433023,13.6821145587642,4.76364059334121,-0.0365986545729401,0.850947974121599,NA,NA
"110","p",0.1992,0.2175,0.5189,0.5767,0.3224,0.3446,58.1410228565578,7.03342800623053,-58.1410228565578,-7.03342800623053,22.1478235144427,5.15424689660814,-0.245425328798185,0.236107624653598,NA,NA
"111","p",0.0696,0.092,0.1823,0.0644,0.1127,0.0462,81.6470868038204,9.39445744548287,81.6470868038204,9.39445744548287,46.8525979835536,12.08914836916,0.311161715797428,0.125065223902132,NA,NA
"112","p",0.685,0.1396,0.0486,0.0557,0.0969,0.1717,19.1571794954711,8.87715289719626,19.1571794954711,8.87715289719626,96.5817294166705,13.7773148023945,0.194542448979591,0.370129668861972,NA,NA
"113","p",0.6383,0.2711,0.1672,0.0967,0.1651,0.238,20.4361631197609,6.00062339563863,20.4361631197609,6.00062339563863,46.3940397563234,10.5236399599556,0.113459659863945,0.567865805902716,NA,NA
"114","p",0.9012,0.5055,0.1508,0.0335,0.0608,0.1487,5.70546395485672,3.66477323987539,5.70546395485672,3.66477323987539,49.8347147604309,12.9410418228582,0.134242494331065,0.499266540335818,NA,NA
"115","p",0.9788,0.5343,0.4851,0.355,0.5333,0.666,1.25103470512247,3.48568401869159,1.25103470512247,3.48568401869159,23.33288503664,7.02003842691907,0.105957426303854,0.60890549572751,NA,NA
"116","p",0.733,0.8316,0.9483,0.9764,0.8966,0.9318,15.0477293149279,1.19760386292835,15.0477293149279,1.19760386292835,5.20285346957566,1.19972597908239,-0.00956544595616017,0.962291619106504,NA,NA
"117","p",0.8206,0.683,0.1693,0.0227,0.0405,0.1103,9.93578074082188,2.3558676635514,-9.93578074082188,2.3558676635514,52.1495413789977,15.2282409951209,0.0676757596371879,0.742767011090341,NA,NA
"118","p",0.0233,0.124,0.2687,0.0725,0.042,0.0256,101.723039352454,8.69494323987539,-101.723039352454,-8.69494323987539,39.0882933516038,12.6659831051318,-0.380544281934994,0.0654268942607694,NA,NA
"119","p",0.0941,0.2696,0.501,0.1956,0.1609,0.1116,78.0055674791286,6.47418676012461,78.0055674791286,6.47418676012461,24.0790699422384,9.58931848714608,0.230642063492062,0.27677582743534,NA,NA
"120","p",0.6086,0.821,0.4071,0.0457,0.0805,0.1437,21.7483890614031,1.22550866043614,-21.7483890614031,1.22550866043614,25.1341468261346,12.1222379305359,0.040311579743008,0.835429075486098,NA,NA
"121","p",0.407,0.6534,0.3296,0.1449,0.2412,0.2288,37.3486860414893,2.51638601246106,-37.3486860414893,-2.51638601246106,34.1564790650488,10.08005731287,-0.11959260393046,0.563361400403669,NA,NA
"122","p",0.669,0.9735,0.5453,0.4886,0.686,0.6407,18.6051914835661,0.183710280373832,-18.6051914835661,-0.183710280373832,20.352981749862,5.67899620811062,0.0292910128495841,0.88569285850796,NA,NA
"123","p",0.2591,0.3182,0.093,0.0233,0.0423,0.0532,49.4941554611488,5.59460903426791,-49.4941554611488,-5.59460903426791,66.5800845270369,15.1543361371033,-0.275411303854874,0.175227149761116,NA,NA
"124","p",0.3229,0.3946,0.2104,0.1104,0.1874,0.168,43.0657040117796,4.61036585669782,43.0657040117796,4.61036585669782,42.0586636069239,10.3281650223555,0.0878047127739981,0.66408108212883,NA,NA
"125","p",0.724,0.6259,0.8918,0.9657,0.8883,0.9221,15.1249379195256,2.69099274143302,15.1249379195256,2.69099274143302,7.43612898263837,1.35568985170864,0.0774210468631893,0.697808041428696,NA,NA
"126","p",0.1013,0.1816,0.3611,0.2882,0.1726,0.1445,73.2184191870671,7.49870171339564,73.2184191870671,7.49870171339564,30.1200230745893,7.58082721081964,0.230183065003778,0.261369382142891,NA,NA
"127","p",0.8192,0.7718,0.3574,0.0915,0.1524,0.2607,10.4975981426733,1.6332845482866,10.4975981426733,1.6332845482866,30.1387245814455,11.1929748523449,0.0122825396825396,0.952278563353603,NA,NA
"128","p",0.9013,0.4181,0.2102,0.2154,0.3451,0.4798,5.62795777929166,4.49978816199377,5.62795777929166,4.49978816199377,43.7235505174699,8.59675628109925,0.0846516364323503,0.679618071095336,NA,NA
"129","p",0.7256,0.9007,0.2768,0.0424,0.0749,0.1509,16.0731209901754,0.732740872274142,-16.0731209901754,0.732740872274142,37.998634055814,14.0239044670036,-0.0419798904006045,0.839482160995466,NA,NA
"130","p",0.8665,0.9235,0.2443,0.1766,0.2902,0.4125,7.36608089051342,0.496501869158879,7.36608089051342,0.496501869158879,35.6228556476249,8.04071914366063,0.0164694444444442,0.932079078349721,NA,NA
"131","p",0.0038,0.0032,0.0385,0.0544,0.0066,0.0067,126.367106332496,15.9085703115265,126.367106332496,15.9085703115265,84.5574127053665,11.7299151033827,0.513680219198788,0.00791921241854834,NA,NA
"132","p",0.2404,0.3939,0.117,0.0089,0.0162,0.0309,53.7348490412062,4.82211059190031,-53.7348490412062,-4.82211059190031,63.9884095029782,23.8064095360989,-0.243859191232047,0.245263366881906,NA,NA
"133","p",0.0179,0.0811,0.3604,0.2168,0.033,0.0396,106.271914536414,9.96647146417445,106.271914536414,9.96647146417445,32.1728106798633,8.99170809610312,0.32105408919123,0.125209137105567,NA,NA
"134","p",0.0547,0.1356,0.7012,0.6237,0.0944,0.1646,86.6552945615004,8.44693336448598,86.6552945615004,8.44693336448598,14.1225410453852,4.39155673230371,0.250296712018139,0.220078251950388,NA,NA
"135","p",0.9368,0.5446,0.3528,0.7321,0.8983,0.9144,3.53133073117031,3.28753320872274,-3.53133073117031,3.28753320872274,29.9233247902312,3.6331006110032,0.0448040665154948,0.824651612207684,NA,NA
"136","p",0.6092,0.8802,0.0473,0.0203,0.0363,0.0824,23.1048120190159,0.825389688473519,23.1048120190159,0.825389688473519,86.6398153041403,14.7724254992527,-0.0499925245653815,0.806415576068156,NA,NA
"137","p",0.0232,0.0661,0.2455,0.143,0.0417,0.0395,101.117622013747,10.1441671339564,101.117622013747,10.1441671339564,39.1082133300561,9.99945049195776,0.364775196523052,0.0740291380262529,NA,NA
"138","p",0.4319,0.4417,0.2802,0.1278,0.2153,0.2176,34.7040423922956,4.25907436137072,34.7040423922956,4.25907436137072,34.7910568067531,9.36597097144002,0.203682237339379,0.304554846124536,NA,NA
"139","p",0.0131,0.2021,0.5504,0.0959,0.0236,0.0186,111.935549950277,7.32400202492212,111.935549950277,7.32400202492212,21.5530051588979,11.8120251755634,0.302724848828419,0.150755517070998,NA,NA
"140","p",0.9552,0.6878,0.3873,0.3408,0.5124,0.6381,2.28178737889314,2.08897236760125,-2.28178737889314,2.08897236760125,25.1565102684696,6.18162352611376,0.0530130574452001,0.783499370520049,NA,NA
"141","p",0.5975,0.9997,0.9677,0.8994,0.7895,0.8262,22.6601116209489,0.00325909657320933,22.6601116209489,-0.00325909657320933,3.94655605398973,2.13086374035907,0.013960582010582,0.941830044891906,NA,NA
"142","p",0.2871,0.4068,0.1556,0.0867,0.147,0.1361,47.2300359055214,4.61677171339564,47.2300359055214,4.61677171339564,51.4583560130762,11.6803232591468,0.0642465268329551,0.751858012010912,NA,NA
"143","p",0.1842,0.5629,0.4551,0.5294,0.2989,0.3148,61.1523782702905,3.32103950155763,61.1523782702905,3.32103950155763,25.5941204489324,5.53113750111924,0.152383771730914,0.466695427350401,NA,NA
"144","p",0.8148,0.8398,0.81,0.8668,0.948,0.9278,10.9379803819967,1.19556408099688,-10.9379803819967,-1.19556408099688,10.876994665703,2.6686467112212,-0.0553819614512468,0.788203070772931,NA,NA
"145","p",0.6568,0.695,0.1212,0.0435,0.0775,0.1454,20.2402187994797,2.20688361370717,20.2402187994797,2.20688361370717,60.5262289316898,13.475147238512,-0.0342257105064246,0.86762866695705,NA,NA
"146","p",0.1086,0.1218,0.4535,0.55,0.1828,0.2282,72.377178111655,8.80130831775701,-72.377178111655,-8.80130831775701,24.9639504320372,5.24700261526117,-0.416986594860164,0.0430340991272958,NA,NA
"147","p",0.8764,0.3901,0.1353,0.0472,0.0825,0.1822,6.76678305919703,4.56907856697819,6.76678305919703,4.56907856697819,51.2742679714533,12.0426793866654,0.111323382464096,0.570834312814908,NA,NA
"148","p",0.1364,0.1511,0.1904,0.0084,0.0159,0.0194,64.9981194373584,7.81399137071651,64.9981194373584,7.81399137071651,43.8064015020139,16.2364401320012,0.31914454270597,0.109050928618874,NA,NA
"149","p",0.4113,0.498,0.7151,0.4859,0.5986,0.4824,36.616383636417,3.78210193146417,36.616383636417,3.78210193146417,14.0242630647346,5.78090255682261,0.131411171579742,0.525191864533322,NA,NA
"150","p",0.6167,0.478,0.1507,0.1815,0.294,0.3398,21.851982840231,3.83904626168224,-21.851982840231,3.83904626168224,49.6220051045212,8.36513775370174,0.0576099622071048,0.769176802511483,NA,NA
"151","p",0.4844,0.5264,0.256,0.0693,0.1211,0.1573,28.8708075406284,3.30535763239875,28.8708075406284,3.30535763239875,34.8004159330656,10.425084151929,0.188118681027966,0.333014114250324,NA,NA
"152","p",0.2374,0.2754,0.6507,0.6182,0.3767,0.4019,54.5721982146179,6.2597061682243,54.5721982146179,6.2597061682243,16.6694364686859,4.78138932434301,0.218272883597883,0.294939144186572,NA,NA
"153","p",0.678,0.4863,0.0794,0.2878,0.4482,0.476,17.5133428619567,3.63043133956386,17.5133428619567,-3.63043133956386,61.777407150476,6.60557785776292,-0.121804743008314,0.5240921879675,NA,NA
"154","p",0.8199,0.8309,0.8318,0.8505,0.9496,0.9241,9.9404614665016,1.17455152647975,-9.9404614665016,1.17455152647975,9.33069543944738,2.59714587852872,-0.0314469879062735,0.873734830454201,NA,NA
"155","p",0.1255,0.3557,0.4728,0.1838,0.2109,0.1264,65.7659927823379,5.00624719626168,65.7659927823379,5.00624719626168,22.3031377402846,8.45549727023384,0.171278303099017,0.383587719612573,NA,NA
"156","p",0.37,0.5078,0.1965,0.0909,0.1564,0.1589,38.3100685840501,3.46088336448598,38.3100685840501,3.46088336448598,42.024542689902,10.5596173250401,0.0585418745275885,0.767298921572827,NA,NA
"157","p",0.1741,0.5581,0.3807,0.3913,0.2845,0.2503,60.1415290926683,3.31281018691589,60.1415290926683,3.31281018691589,27.8381565992916,6.09636193546833,0.101753613000755,0.610092345837291,NA,NA
"158","p",0.2925,0.3761,0.2423,0.0616,0.1053,0.1078,47.788280603557,4.9779776635514,47.788280603557,4.9779776635514,40.3521263603743,12.351535876924,0.200365060468631,0.334045790809947,NA,NA
"159","p",0.3925,0.9016,0.2643,0.0547,0.094,0.1218,37.8043771590064,0.734589376947042,-37.8043771590064,0.734589376947042,37.8861909132868,13.5052936800332,-0.0288603779289493,0.888097751581647,NA,NA
"160","p",0.1099,0.2018,0.3463,0.3482,0.1873,0.1769,68.1512927990664,6.78153629283489,68.1512927990664,6.78153629283489,27.7424912116539,6.19647118351974,0.201108866213151,0.299296300521332,NA,NA
"161","p",0.1594,0.3482,0.4267,0.4673,0.2595,0.2617,60.6954831189856,5.03414401869159,60.6954831189856,5.03414401869159,24.5081148886101,5.44781403825391,0.201972335600906,0.303689874542959,NA,NA
"162","p",0.1107,0.3985,0.424,0.4109,0.1874,0.193,67.6180117970409,4.51063327102804,67.6180117970409,4.51063327102804,23.3478090004473,5.52826096680345,0.17202976568405,0.369746004514764,NA,NA
"163","p",0.8881,0.2899,0.2046,0.391,0.5671,0.6559,6.2569030376596,5.81587411214953,6.2569030376596,5.81587411214953,42.6495997558707,6.05448192252256,0.113479822373393,0.570756442848395,NA,NA
"164","p",0.0631,0.2355,0.2994,0.0577,0.1005,0.0383,82.7603345269821,6.54202364485982,-82.7603345269821,-6.54202364485982,33.7112056243953,11.7923939139223,-0.168985744520029,0.400508633209847,NA,NA
"165","p",0.3275,0.1212,0.1925,0.2469,0.3843,0.2788,44.4499177520201,9.00170280373832,44.4499177520201,9.00170280373832,48.2820145707491,8.31877376215414,0.237322993197278,0.251201259055481,NA,NA
"166","p",0.0166,0.0581,0.1698,0.0129,0.0241,0.0068,105.971387990494,10.6909899688474,105.971387990494,10.6909899688474,49.6511230361722,15.9166204243755,0.370022241118668,0.0695699314419841,NA,NA
"167","p",0.7914,0.923,0.0459,0.0583,0.101,0.1973,11.5280357512073,0.523518255451712,11.5280357512073,-0.523518255451712,82.5857240263066,12.1804591023901,-0.0297031783824639,0.880579150312593,NA,NA
"168","p",0.8323,0.7621,0.8924,0.8281,0.9565,0.9213,8.84071333730405,1.55543180685358,-8.84071333730405,-1.55543180685358,6.91642984323461,2.66779608776925,-0.078894168556311,0.683830894782169,NA,NA
"169","p",0.7181,0.9528,0.865,0.8755,0.8894,0.8869,15.9767662569099,0.321413364485982,15.9767662569099,-0.321413364485982,8.72561192216275,2.59152999698448,-0.0119677588813302,0.952981127018306,NA,NA
"170","p",0.7936,0.927,0.6397,0.637,0.826,0.805,11.4639171227682,0.514966417445483,-11.4639171227682,-0.514966417445483,16.1500155200985,4.32729360773966,-0.116263102796674,0.566474527834464,NA,NA
"171","p",0.8409,0.8347,0.971,0.9773,0.9575,0.9699,8.4203149490089,1.0919845482866,8.4203149490089,1.0919845482866,3.79701364905358,1.1073789736345,-0.00377109977324269,0.984868143915696,NA,NA
"172","p",0.6442,0.759,0.1492,0.2889,0.4472,0.4666,19.8910254860717,1.69342124610592,19.8910254860717,-1.69342124610592,49.5840677065484,7.12999200478399,-0.120553533635676,0.544267077043643,NA,NA
"173","p",0.4918,0.6154,0.3724,0.3596,0.5384,0.4518,31.1179055413798,2.84215258566978,31.1179055413798,2.84215258566978,29.7666902816142,6.82597623787968,0.0869413832199542,0.671269318792386,NA,NA
"174","p",0.4529,0.9563,0.7001,0.7471,0.6393,0.6502,33.1941302585693,0.310277196261682,33.1941302585693,-0.310277196261682,13.959812142364,3.53969874071684,-0.0403120823885108,0.842267557796374,NA,NA
"175","p",0.871,0.414,0.0101,0.0389,0.0691,0.1594,7.55153690599128,4.78436819314642,7.55153690599128,-4.78436819314642,144.59545600766,14.3337344902391,-0.169569860166288,0.423562081582448,NA,NA
"176","p",0.1147,0.2597,0.4083,0.283,0.1947,0.1587,73.2402840727851,6.48749887850467,-73.2402840727851,-6.48749887850467,29.1924285167735,8.26893068194588,-0.326276666666665,0.122123533308967,NA,NA
"177","p",0.7336,0.6473,0.2381,0.386,0.5654,0.587,14.8260417654678,2.53571411214953,-14.8260417654678,-2.53571411214953,40.0539620203959,6.34329840528899,-0.196929712773997,0.330487903910558,NA,NA
"178","p",0.2236,0.3162,0.3199,0.1457,0.2374,0.1581,51.671883704087,5.41393015576324,51.671883704087,5.41393015576324,30.7690827217012,9.15528567632789,0.142143469387754,0.468305469864575,NA,NA
"179","p",0.4882,0.0914,0.0207,0.0277,0.0506,0.0918,32.1266811976428,9.81692348909657,32.1266811976428,9.81692348909657,115.224773037066,14.9935023270151,0.32851312547241,0.119035542471302,NA,NA
"180","p",0.0457,0.0104,0.0319,0.2796,0.0802,0.0884,85.3823189471942,13.6860278816199,85.3823189471942,13.6860278816199,93.7131882425118,6.94358246330107,0.448466058201056,0.0204515346827007,NA,NA
"181","p",0.4038,0.5581,0.3842,0.1221,0.2036,0.1994,36.2673431338511,3.19421280373832,36.2673431338511,3.19421280373832,26.7309158149276,9.64005060726841,0.165530684051398,0.404684786011559,NA,NA
"182","p",0.2216,0.6914,0.4729,0.1054,0.1769,0.1269,55.3703289439248,2.28732323987539,-55.3703289439248,-2.28732323987539,24.7249319015153,11.1459881487232,-0.132152637944066,0.524315007944338,NA,NA
"183","p",0.7818,0.7052,0.8589,0.7243,0.8933,0.8463,12.2437521924996,2.12467791277259,12.2437521924996,2.12467791277259,8.42301496264773,3.57235068286865,-0.00404485260770965,0.984261027170982,NA,NA
"184","p",0.2424,0.9437,0.1048,0.0478,0.0834,0.083,51.2062284247201,0.392282367601245,51.2062284247201,0.392282367601245,62.439286670559,12.9397453073478,-0.0479676870748296,0.811372327225917,NA,NA
"185","p",0.97,0.8249,0.6106,0.6545,0.8437,0.8924,1.71013576364164,1.15626604361371,-1.71013576364164,1.15626604361371,15.679186119907,3.85242471730758,-0.00557513983371121,0.976827871988533,NA,NA
"186","p",0.5759,0.1837,0.0036,0.0074,0.0135,0.043,24.8893602889206,7.51417859813084,-24.8893602889206,-7.51417859813084,168.895975548415,17.8077407260071,-0.237333488284201,0.243740985350489,NA,NA
"187","p",0.1985,0.1628,0.1681,0.1371,0.2325,0.1444,52.9794469057512,7.1916053271028,52.9794469057512,7.1916053271028,41.8797523457955,8.34942491845587,0.261965759637187,0.156937843408685,NA,NA
"188","p",0.9601,0.7663,0.6734,0.7191,0.8905,0.9207,2.24767674649446,1.69314909657321,2.24767674649446,1.69314909657321,16.1871460453047,4.02930767545324,0.0784298337112619,0.706071806750159,NA,NA
"189","p",0.6043,0.99,0.2207,0.4359,0.6209,0.5694,21.9566143067634,0.0587110591900313,21.9566143067634,-0.0587110591900313,37.5605280844861,5.21185437184331,-0.0559025547996974,0.771765190907626,NA,NA
"190","p",0.8613,0.5593,0.2363,0.026,0.0468,0.1243,8.22141121273626,3.37526859813084,8.22141121273626,3.37526859813084,44.8040789914214,16.1834735929387,0.135639006046862,0.52509495691345,NA,NA
"191","p",0.6084,0.5901,0.0724,0.0796,0.1378,0.2032,22.9729628088545,2.96852264797508,-22.9729628088545,-2.96852264797508,73.7397665186255,11.2658909579368,-0.156931383219954,0.43963003594039,NA,NA
"192","p",0.768,0.7718,0.1975,0.0534,0.0943,0.1812,13.0758797964623,1.67814068535826,-13.0758797964623,1.67814068535826,45.7364103645423,12.7833831703851,0.0269836621315191,0.894701895612967,NA,NA
"193","p",0.476,0.8159,0.5453,0.6785,0.6741,0.6377,31.7628574775238,1.26501691588785,31.7628574775238,1.26501691588785,19.5342716274112,4.08265169735389,-0.0320509486016627,0.873618938565996,NA,NA
"194","p",0.5187,0.8435,0.1887,0.054,0.0942,0.1431,26.6001551151898,1.04077507788162,26.6001551151898,1.04077507788162,39.3165457427708,10.4603802351171,-0.0528173620559332,0.777713576247337,NA,NA
"195","p",0.2617,0.2343,0.1868,0.056,0.0979,0.0894,46.5695085957514,6.2277046105919,46.5695085957514,6.2277046105919,41.5493491123574,10.9594084865024,0.160171046863189,0.400880344858877,NA,NA
"196","p",0.5233,0.996,0.3501,0.6065,0.7205,0.6354,28.4063375123179,0.0244620872274157,28.4063375123179,0.0244620872274157,29.8942701882521,4.54040811312191,-0.0739713303099013,0.714582234431022,NA,NA
"197","p",0.023,0.3887,0.3751,0.0146,0.0271,0.0098,96.8909454813926,4.56635080996885,96.8909454813926,4.56635080996885,26.2920894018152,15.4831121073636,0.0917098261526829,0.637886295974557,NA,NA
"198","p",0.5755,0.2508,0.1654,0.2003,0.3232,0.3484,23.7219937846778,6.11200286604362,23.7219937846778,6.11200286604362,45.4924759628882,7.89446072635538,0.10459126228269,0.5902761506164,NA,NA
"199","p",0.0329,0.0219,0.1272,0.3961,0.0583,0.0888,93.5611725749003,12.4745355451713,93.5611725749003,12.4745355451713,54.8843120095182,6.12667927774017,0.44195879062736,0.0264225276788097,NA,NA
"200","p",0.8502,0.8374,0.7869,0.8863,0.9642,0.9487,8.62694487404316,1.20130464174455,8.62694487404316,1.20130464174455,12.5919738999795,2.78762653274467,0.0272775472411185,0.898265623780004,NA,NA
