"","pLW","pLU","pQU","pQH","pMin","pFisher","SW","SL","SWwin","SLwin","SC","SQ","CMCBeta","pBeta"
"p",0.0471,0.0471,0.0471,0.0471,0.0471,0.0471,48.2829632113106,7.97053429906542,48.2829632113106,7.97053429906542,63.5294170125783,3.7933301452823,0.814925803797465,0.0634649023692132
"p",0.1399,0.1399,0.1399,0.1399,0.1399,0.1399,36.3771839911221,6.00513252336449,36.3771839911221,6.00513252336449,36.0616166231699,2.15323268899508,0.658270379746833,0.139009163648761
"p",0.1231,0.1231,0.1231,0.1231,0.1231,0.1231,37.7994507610355,6.23991981308411,37.7994507610355,6.23991981308411,38.9365992737197,2.32489738966964,0.690782272151895,0.122840157537228
"p",0.011,0.011,0.011,0.011,0.011,0.011,64.5116142322473,10.6495542056075,64.5116142322473,10.6495542056075,113.413004778172,6.77187026298236,1.2130757278481,0.00688895404621008
"p",0.1206,0.1206,0.1206,0.1206,0.1206,0.1206,38.5069914309629,6.35672037383178,38.5069914309629,6.35672037383178,40.407893911088,2.41274812973572,0.529663360759491,0.246365156086123
"p",0.0624,0.0624,0.0624,0.0624,0.0624,0.0624,44.1172310819151,7.28285672897196,44.1172310819151,7.28285672897196,53.0400021347322,3.16700905603591,0.913357499999996,0.034548563135168
"p",0.0366,0.0366,0.0366,0.0366,0.0366,0.0366,51.3853734118024,8.48267906542056,51.3853734118024,8.48267906542056,71.9558441269243,4.29647060356077,0.7945794113924,0.0751254214508183
"p",0.1518,0.1518,0.1518,0.1518,0.1518,0.1518,35.0067528638318,5.77890224299065,35.0067528638318,5.77890224299065,33.3957111340424,1.99405194829383,0.750743405063288,0.0888075398832326
"p",0.1428,0.1428,0.1428,0.1428,0.1428,0.1428,37.1397544571859,6.13101738317757,37.1397544571859,6.13101738317757,37.5893741528255,2.24445481827697,0.676210810126579,0.139667827263509
"p",0.3962,0.3962,0.3962,0.3962,0.3962,0.3962,19.8527397484781,3.27728317757009,19.8527397484781,3.27728317757009,10.7405850259839,0.641318413939888,0.304542449367087,0.474363758851291
"p",0.7214,0.7214,0.7214,0.7214,0.7214,0.7214,8.8666582106587,1.46370476635514,-8.8666582106587,-1.46370476635514,2.14243164305076,0.127924210829482,-0.295648310126581,0.521272402424649
"p",0.5052,0.5052,0.5052,0.5052,0.5052,0.5052,16.7651720014883,2.76758859813084,16.7651720014883,2.76758859813084,7.65954664850383,0.457350162605976,0.3131922278481,0.494787470588369
"p",0.5872,0.5872,0.5872,0.5872,0.5872,0.5872,13.6004157968039,2.24515177570093,13.6004157968039,2.24515177570093,5.04070649593306,0.300979684746003,0.215653056962024,0.634618779042059
"p",0.3619,0.3619,0.3619,0.3619,0.3619,0.3619,22.1580733402905,3.65784682242991,22.1580733402905,3.65784682242991,13.3798433763606,0.798908058744743,0.321908012658226,0.471593412278391
"p",0.0185,0.0185,0.0185,0.0185,0.0185,0.0185,58.9251688170292,9.72734579439252,58.9251688170292,9.72734579439252,94.6212562036859,5.64981831126919,1.01777472151898,0.0236381713442586
"p",0.2445,0.2445,0.2445,0.2445,0.2445,0.2445,27.5863351247305,4.5539423364486,27.5863351247305,4.5539423364486,20.7383908036989,1.23828561160479,0.486227677215187,0.267982509912277
"p",0.0084,0.0084,0.0084,0.0084,0.0084,0.0084,65.8926066735736,10.8775279439252,65.8926066735736,10.8775279439252,118.320614170874,7.0649027434618,1.2006056835443,0.00792803602023271
"p",0.0309,0.0309,0.0309,0.0309,0.0309,0.0309,50.6373957321546,8.35920317757009,50.6373957321546,8.35920317757009,69.8762777638979,4.1723000673756,1.00591390506329,0.0188959027339323
"p",0.0829,0.0829,0.0829,0.0829,0.0829,0.0829,42.660487608589,7.04237803738318,42.660487608589,7.04237803738318,49.5950884214169,2.96131387337702,0.882560835443034,0.0488158492097136
"p",0.4326,0.4326,0.4326,0.4326,0.4326,0.4326,19.7203035313179,3.25542065420561,19.7203035313179,3.25542065420561,10.5977636358285,0.632790574237525,0.461493556962024,0.318143249941876
"p",0.463,0.463,0.463,0.463,0.463,0.463,18.4627564613622,3.04782523364486,18.4627564613622,3.04782523364486,9.28923865484235,0.554658781288019,0.330035544303796,0.473480117014319
"p",0.0902,0.0902,0.0902,0.0902,0.0902,0.0902,41.8219436180881,6.9039514953271,41.8219436180881,6.9039514953271,47.6645462498293,2.84604154505119,0.797452658227844,0.0727395846098518
"p",0.4227,0.4227,0.4227,0.4227,0.4227,0.4227,18.9762961810903,3.13260018691589,18.9762961810903,3.13260018691589,9.81318393106545,0.585943460169644,0.564928417721517,0.196001518343183
"p",0.0087,0.0087,0.0087,0.0087,0.0087,0.0087,64.303054463943,10.6151252336449,64.303054463943,10.6151252336449,112.680883725964,6.72815544569092,1.07188076582278,0.0163868053553454
"p",0.3995,0.3995,0.3995,0.3995,0.3995,0.3995,20.1429950032114,3.32519841121495,20.1429950032114,3.32519841121495,11.0569444739465,0.660208180084972,0.294494069620252,0.500030498568156
"p",0.3715,0.3715,0.3715,0.3715,0.3715,0.3715,20.4163187533147,3.37031859813084,20.4163187533147,3.37031859813084,11.3590474529066,0.678246695011725,0.445948075949365,0.291455962710044
"p",0.0293,0.0293,0.0293,0.0293,0.0293,0.0293,55.28513649657,9.12645056074766,55.28513649657,9.12645056074766,83.2920998377713,4.97335640772407,1.20260489240506,0.00886322058722777
"p",0.9739,0.9739,0.9739,0.9739,0.9739,0.9739,0.887537617768307,0.146514392523364,-0.887537617768307,-0.146514392523364,0.0214664672164904,0.00128175892419892,0.100690341772151,0.829645626558331
"p",0.2179,0.2179,0.2179,0.2179,0.2179,0.2179,31.3904660911942,5.18192691588785,-31.3904660911942,-5.18192691588785,26.852366561603,1.60335001232786,-0.466876544303795,0.313913547400116
"p",0.316,0.316,0.316,0.316,0.316,0.316,24.7848445302181,4.09147327102804,24.7848445302181,4.09147327102804,16.7401535275369,0.999551577816096,0.45323566455696,0.319054562675244
"p",0.2354,0.2354,0.2354,0.2354,0.2354,0.2354,30.2506656422962,4.99376906542056,30.2506656422962,4.99376906542056,24.9377294787513,1.48902737401026,0.636655537974682,0.168148688267752
"p",0.2505,0.2505,0.2505,0.2505,0.2505,0.2505,27.9981742873903,4.62192859813084,27.9981742873903,4.62192859813084,21.3622239662197,1.27553457834013,0.321552449367087,0.471126274307613
"p",0.1585,0.1585,0.1585,0.1585,0.1585,0.1585,34.8607836715595,5.75480570093458,34.8607836715595,5.75480570093458,33.1177886555091,1.97745724672962,0.558778120253162,0.218064791246773
"p",0.4356,0.4356,0.4356,0.4356,0.4356,0.4356,19.6598433345257,3.24543990654206,19.6598433345257,3.24543990654206,10.5328801869757,0.628916395092857,0.270679063291138,0.553938185910394
"p",0.6731,0.6731,0.6731,0.6731,0.6731,0.6731,10.7621641299625,1.77661420560748,10.7621641299625,1.77661420560748,3.15635803556628,0.188465574668299,0.218363772151898,0.638292963718854
"p",0.7096,0.7096,0.7096,0.7096,0.7096,0.7096,9.25831057221525,1.52835859813084,-9.25831057221525,-1.52835859813084,2.33588000448047,0.139474977946099,-0.105755797468354,0.816065116752656
"p",0.0037,0.0037,0.0037,0.0037,0.0037,0.0037,73.7037749155737,12.1669928037383,73.7037749155737,12.1669928037383,148.03571388622,8.83918604119729,1.31018348734177,0.00450664705623901
"p",0.0995,0.0995,0.0995,0.0995,0.0995,0.0995,41.660809273359,6.8773514953271,41.660809273359,6.8773514953271,47.2979635902779,2.82415295991057,0.796549253164555,0.0805281049902001
"p",0.065,0.065,0.065,0.065,0.065,0.065,42.9442135878049,7.08921542056075,42.9442135878049,7.08921542056075,50.2569752791163,3.00083501945616,0.736343911392401,0.0831593656077454
"p",0.0217,0.0217,0.0217,0.0217,0.0217,0.0217,56.8735519000582,9.38866560747664,56.8735519000582,9.38866560747664,88.1470418890146,5.26324413064987,1.21689876582278,0.00652195342871471
"p",0.1787,0.1787,0.1787,0.1787,0.1787,0.1787,35.1061492371357,5.79531056074766,35.1061492371357,5.79531056074766,33.5856244955134,2.00539164119416,0.618220329113921,0.189908364579813
"p",0.0215,0.0215,0.0215,0.0215,0.0215,0.0215,54.5097854534832,8.99845588785047,54.5097854534832,8.99845588785047,80.9722083655907,4.8348361021865,1.11342031645569,0.00858785136906225
"p",0.0844,0.0844,0.0844,0.0844,0.0844,0.0844,40.964722717909,6.76244177570093,40.964722717909,6.76244177570093,45.7306187697452,2.73056708055956,0.846919873417718,0.0521830621484096
"p",0.2057,0.2057,0.2057,0.2057,0.2057,0.2057,30.3808814641925,5.01526504672897,30.3808814641925,5.01526504672897,25.1528834889414,1.50187418153835,0.662693556962023,0.124453919191463
"p",0.0028,0.0028,0.0028,0.0028,0.0028,0.0028,70.7936910275476,11.6865971962617,70.7936910275476,11.6865971962617,136.576554027671,8.15496165232189,1.25012199367088,0.00382500473416087
"p",0.274,0.274,0.274,0.274,0.274,0.274,27.5439455032647,4.5469446728972,27.5439455032647,4.5469446728972,20.6747058583882,1.2344829948926,0.515263316455693,0.260945529733904
"p",0.3712,0.3712,0.3712,0.3712,0.3712,0.3712,21.4036218667,3.53330224299065,21.4036218667,3.53330224299065,12.4842247403228,0.745430829918827,0.400619765822783,0.351829977767228
"p",0.0682,0.0682,0.0682,0.0682,0.0682,0.0682,42.7993036406981,7.06529373831776,42.7993036406981,7.06529373831776,49.9183756087121,2.98061729360056,0.665295044303795,0.128141067340196
"p",0.1807,0.1807,0.1807,0.1807,0.1807,0.1807,34.7449404081962,5.7356823364486,34.7449404081962,5.7356823364486,32.8980518646484,1.96433680218604,0.830953911392401,0.0751970656932702
"p",0.2837,0.2837,0.2837,0.2837,0.2837,0.2837,25.8424343066365,4.26605981308411,25.8424343066365,4.26605981308411,18.1992663288113,1.08667494262433,0.510663348101262,0.244750208417831
"p",0.0055,0.0055,0.0055,0.0055,0.0055,0.0055,68.1673478383389,11.2530414018692,68.1673478383389,11.2530414018692,126.630940792181,7.56111086203315,1.24976489873417,0.00457761718314554
"p",0.654,0.654,0.654,0.654,0.654,0.654,10.850506082582,1.7911976635514,10.850506082582,1.7911976635514,3.208389069912,0.191572338437826,0.26314208227848,0.544933111015101
"p",0.1258,0.1258,0.1258,0.1258,0.1258,0.1258,39.0157965342728,6.44071373831776,39.0157965342728,6.44071373831776,41.4827934589551,2.47693018979252,0.858955563291136,0.0607472818993487
"p",0.0045,0.0045,0.0045,0.0045,0.0045,0.0045,64.414129142577,10.6334614018692,64.414129142577,10.6334614018692,113.070501385041,6.75141944653985,1.09747342405063,0.00941280855373057
"p",0.6409,0.6409,0.6409,0.6409,0.6409,0.6409,11.4722569523248,1.89383607476636,11.4722569523248,1.89383607476636,3.58661507808644,0.214156145845563,0.271378645569619,0.543662388836647
"p",0.76,0.76,0.76,0.76,0.76,0.76,7.42948274903668,1.22645635514019,-7.42948274903668,-1.22645635514019,1.50419519106375,0.0898152262521325,-0.165168310126582,0.712002627802467
"p",0.1758,0.1758,0.1758,0.1758,0.1758,0.1758,33.4505654615664,5.52200738317757,33.4505654615664,5.52200738317757,30.4925655398676,1.8207056432845,0.61517001898734,0.169295634378198
"p",0.0286,0.0286,0.0286,0.0286,0.0286,0.0286,55.3191540616453,9.1320661682243,55.3191540616453,9.1320661682243,83.3946325008268,4.97947861472571,1.17271324683544,0.0101762719827575
"p",0.379,0.379,0.379,0.379,0.379,0.379,21.7460190449942,3.58982504672897,21.7460190449942,3.58982504672897,12.8868438661227,0.769471146024065,0.394389702531644,0.388450767817695
"p",0.6187,0.6187,0.6187,0.6187,0.6187,0.6187,11.8543868640242,1.95691794392523,11.8543868640242,1.95691794392523,3.82952783925656,0.228660423437752,0.341821651898733,0.420857293966023
"p",0.2506,0.2506,0.2506,0.2506,0.2506,0.2506,28.7945771912344,4.7533985046729,28.7945771912344,4.7533985046729,22.5947973442265,1.34913131463853,0.583785962025314,0.201229438299279
"p",0.1003,0.1003,0.1003,0.1003,0.1003,0.1003,40.3252896438625,6.65688439252337,40.3252896438625,6.65688439252337,44.3141098154212,2.6459875838449,0.830345101265819,0.0622516451647724
"p",0.9419,0.9419,0.9419,0.9419,0.9419,0.9419,1.70703670855487,0.281797009345794,1.70703670855487,0.281797009345794,0.0794095544762338,0.00474153031749833,0.0622497341772148,0.887478980549309
"p",0.0275,0.0275,0.0275,0.0275,0.0275,0.0275,52.1546039313811,8.60966336448598,52.1546039313811,8.60966336448598,74.1263032497721,4.42606833020402,0.935304987341768,0.0275253575484537
"p",0.0408,0.0408,0.0408,0.0408,0.0408,0.0408,49.5112601686432,8.17330112149533,49.5112601686432,8.17330112149533,66.8028512226368,3.98878631742307,0.900503322784806,0.0401491790744511
"p",0.0742,0.0742,0.0742,0.0742,0.0742,0.0742,46.2204549215482,7.6300561682243,46.2204549215482,7.6300561682243,58.2177571302577,3.47617188221962,1.15457471518987,0.0134984115420047
"p",0.16,0.16,0.16,0.16,0.16,0.16,35.1732683551657,5.80639056074766,35.1732683551657,5.80639056074766,33.7141713439396,2.01306715055889,0.67821008227848,0.133768280617302
"p",0.4955,0.4955,0.4955,0.4955,0.4955,0.4955,16.9583056274794,2.79947102803738,16.9583056274794,2.79947102803738,7.83703803682068,0.467948141707485,0.360391240506327,0.428800926610409
"p",0.0059,0.0059,0.0059,0.0059,0.0059,0.0059,64.2666862917448,10.609121588785,64.2666862917448,10.609121588785,112.553460885625,6.72054705064836,1.37031418987341,0.00144794411471268
"p",0.7818,0.7818,0.7818,0.7818,0.7818,0.7818,7.01515767214842,1.15805971962617,7.01515767214842,1.15805971962617,1.34110231422064,0.0800769796995583,0.188650449367087,0.675857433600368
"p",0.0215,0.0215,0.0215,0.0215,0.0215,0.0215,55.8690200593214,9.22283785046729,55.8690200593214,9.22283785046729,85.0607380160121,5.07896147751858,1.05719881012658,0.0154168339969922
"p",0.3687,0.3687,0.3687,0.3687,0.3687,0.3687,21.5384415270171,3.55555822429907,21.5384415270171,3.55555822429907,12.6419942863807,0.754851221340813,0.433929044303795,0.326910334653403
"p",0.0672,0.0672,0.0672,0.0672,0.0672,0.0672,45.6413184302625,7.53445252336449,45.6413184302625,7.53445252336449,56.7679748268335,3.38960563977186,0.875787835443034,0.0527480101931128
"p",0.3095,0.3095,0.3095,0.3095,0.3095,0.3095,26.4997471673292,4.37456878504673,26.4997471673292,4.37456878504673,19.1368520551052,1.14265801891532,0.414604772151897,0.375875814896432
"p",0.1284,0.1284,0.1284,0.1284,0.1284,0.1284,39.6027406418475,6.53760626168224,39.6027406418475,6.53760626168224,42.7402956327869,2.55201542003805,0.599324411392402,0.203558658248717
"p",0.016,0.016,0.016,0.016,0.016,0.016,61.4985033246073,10.1521509345794,61.4985033246073,10.1521509345794,103.066168598482,6.1540625223424,1.16351381645569,0.0124879940651537
"p",0.005,0.005,0.005,0.005,0.005,0.005,68.5099199534349,11.3095930841121,68.5099199534349,11.3095930841121,127.906895728197,7.63729790341357,1.34006699367088,0.00314997260734676
"p",0.054,0.054,0.054,0.054,0.054,0.054,48.6474533790951,8.03070420560748,48.6474533790951,8.03070420560748,64.4922100379616,3.85081834490061,1.09532087341772,0.016562840288225
"p",0.4443,0.4443,0.4443,0.4443,0.4443,0.4443,19.1863692376507,3.16727897196262,19.1863692376507,3.16727897196262,10.0316560862366,0.598988393542027,0.308282911392403,0.497096239388134
"p",0.8986,0.8986,0.8986,0.8986,0.8986,0.8986,3.18353445315718,0.525536728971962,-3.18353445315718,-0.525536728971962,0.276188853498549,0.0164911871229603,-0.0789383164556959,0.859144174411438
"p",0.1158,0.1158,0.1158,0.1158,0.1158,0.1158,38.0037446756137,6.27364457943925,38.0037446756137,6.27364457943925,39.3586163091275,2.35009595149366,0.828461335443034,0.0628506499692331
"p",0.2091,0.2091,0.2091,0.2091,0.2091,0.2091,32.2913940171683,5.33065177570094,32.2913940171683,5.33065177570094,28.4158483537835,1.69670523094578,0.575999936708859,0.20960957565393
"p",0.1719,0.1719,0.1719,0.1719,0.1719,0.1719,31.8612527285286,5.25964420560748,31.8612527285286,5.25964420560748,27.6638571695803,1.65180397162114,0.639704715189871,0.136851075326665
"p",0.2846,0.2846,0.2846,0.2846,0.2846,0.2846,27.3822036919068,4.52024439252336,27.3822036919068,4.52024439252336,20.4326093681389,1.22002745669133,0.41679687341772,0.363078681196775
"p",0.697,0.697,0.697,0.697,0.697,0.697,10.2860138963173,1.6980114953271,10.2860138963173,1.6980114953271,2.88324303826298,0.172157926949854,0.302914234177215,0.523967867236001
"p",0.0171,0.0171,0.0171,0.0171,0.0171,0.0171,60.3893224774052,9.96904775700935,60.3893224774052,9.96904775700935,99.3819131815331,5.93407628929913,1.20001896835442,0.00909179425095694
"p",0.7731,0.7731,0.7731,0.7731,0.7731,0.7731,7.06937562565141,1.16701,-7.06937562565141,-1.16701,1.3619123401,0.0813195426287388,-0.160551468354428,0.724135091973627
"p",0.5379,0.5379,0.5379,0.5379,0.5379,0.5379,15.3017950831577,2.52601485981308,15.3017950831577,2.52601485981308,6.38075107199651,0.380993507089077,0.373571183544302,0.3989137188238
"p",0.0387,0.0387,0.0387,0.0387,0.0387,0.0387,51.1378299113511,8.44181467289719,51.1378299113511,8.44181467289719,71.2642349715424,4.25517474439455,0.931377512658224,0.0371450902507756
"p",0.0774,0.0774,0.0774,0.0774,0.0774,0.0774,43.1378018230252,7.12117289719626,43.1378018230252,7.12117289719626,50.7111034317626,3.02795093035636,0.686594044303794,0.12561516322578
"p",0.0924,0.0924,0.0924,0.0924,0.0924,0.0924,44.1825198741194,7.29363457943925,44.1825198741194,7.29363457943925,53.197105378392,3.17638966266068,0.707398962025313,0.140895251107143
"p",0.9686,0.9686,0.9686,0.9686,0.9686,0.9686,0.939658028065537,0.155118411214953,-0.939658028065537,-0.155118411214953,0.0240617214978513,0.00143672109390072,-0.0412988860759491,0.92409526383011
"p",0.0864,0.0864,0.0864,0.0864,0.0864,0.0864,44.1113811726182,7.28189102803738,44.1113811726182,7.28189102803738,53.0259369442113,3.16616922602155,1.03052546835443,0.0287915670542894
"p",0.5017,0.5017,0.5017,0.5017,0.5017,0.5017,15.1446412583421,2.50007196261682,15.1446412583421,2.50007196261682,6.25035981826273,0.373207868612786,0.415701993670884,0.314205926376139
"p",0.8798,0.8798,0.8798,0.8798,0.8798,0.8798,3.87007987617893,0.638871401869159,3.87007987617893,0.638871401869159,0.408156668126264,0.0243709617686999,0.204181892405062,0.6603379055156
"p",0.1133,0.1133,0.1133,0.1133,0.1133,0.1133,40.382395469941,6.66631140186916,40.382395469941,6.66631140186916,44.4397077066907,2.65348701150441,0.746160594936706,0.107678651310288
"p",0.0025,0.0025,0.0025,0.0025,0.0025,0.0025,79.7280650662334,13.1614804672897,79.7280650662334,13.1614804672897,173.224568090849,10.343208027746,1.43447817088607,0.00198727352017633
"p",0.6835,0.6835,0.6835,0.6835,0.6835,0.6835,10.4690628969038,1.7282291588785,10.4690628969038,1.7282291588785,2.9867760255979,0.178339863135589,0.168350183544303,0.720218022771379
"p",0.2684,0.2684,0.2684,0.2684,0.2684,0.2684,28.3244365179479,4.67578785046729,28.3244365179479,4.67578785046729,21.8629920225775,1.30543534956238,0.587832474683542,0.200059298333846
"p",0.0805,0.0805,0.0805,0.0805,0.0805,0.0805,45.6271881790149,7.53211990654206,45.6271881790149,7.53211990654206,56.7328302865271,3.38750716554598,0.878267050632907,0.0622094478718108
"p",0.112,0.112,0.112,0.112,0.112,0.112,37.5275049920828,6.19502710280374,37.5275049920828,6.19502710280374,38.3783608044729,2.29156507035636,0.784237436708857,0.0673494755966422
"p",0.7008,0.7008,0.7008,0.7008,0.7008,0.7008,9.61776663630589,1.58769747663551,-9.61776663630589,-1.58769747663551,2.52078327731478,0.150515519348594,-0.163176746835444,0.716404228029665
"p",0.095,0.095,0.095,0.095,0.095,0.095,41.6722458375423,6.87923943925234,41.6722458375423,6.87923943925234,47.3239352625648,2.82570372382502,0.873020386075946,0.0556156451785802
"p",0.0216,0.0216,0.0216,0.0216,0.0216,0.0216,58.4088986112332,9.64212009345794,58.4088986112332,9.64212009345794,92.9704798966654,5.55125075275848,1.02765013291139,0.0289405809564608
"p",0.1305,0.1305,0.1305,0.1305,0.1305,0.1305,37.6381765800927,6.21329672897196,37.6381765800927,6.21329672897196,38.6050562422537,2.30510101446492,0.689738335443035,0.124830266160315
"p",0.0296,0.0296,0.0296,0.0296,0.0296,0.0296,52.1576157882919,8.61016056074766,52.1576157882919,8.61016056074766,74.1348648818545,4.4265795437268,0.974781575949362,0.0226770092770681
"p",0.0392,0.0392,0.0392,0.0392,0.0392,0.0392,50.3587774546397,8.31320897196262,50.3587774546397,8.31320897196262,69.1094434115197,4.1265125251298,0.935156632911388,0.0354178446204031
"p",0.1664,0.1664,0.1664,0.1664,0.1664,0.1664,33.1548384780655,5.47318887850467,33.1548384780655,5.47318887850467,29.9557964997872,1.78865525975292,0.626546499999998,0.149565821186607
"p",0.5397,0.5397,0.5397,0.5397,0.5397,0.5397,14.9512941981301,2.46815429906542,14.9512941981301,2.46815429906542,6.09178564399512,0.363739432984083,0.266603626582277,0.541296884281107
"p",0.4157,0.4157,0.4157,0.4157,0.4157,0.4157,21.0917061523035,3.48181130841122,21.0917061523035,3.48181130841122,12.1230099873802,0.723862761523261,0.459601943037973,0.322407682832264
"p",0.5683,0.5683,0.5683,0.5683,0.5683,0.5683,14.1582354745064,2.33723644859813,14.1582354745064,2.33723644859813,5.4626742166556,0.326175301998967,0.212733658227846,0.640451220330217
"p",0.3304,0.3304,0.3304,0.3304,0.3304,0.3304,25.9111391786528,4.27740158878505,25.9111391786528,4.27740158878505,18.2961643517408,1.09246070627024,0.312502708860758,0.520811910851432
"p",0.2968,0.2968,0.2968,0.2968,0.2968,0.2968,25.7098140944582,4.24416691588785,25.7098140944582,4.24416691588785,18.012952809917,1.07555019568143,0.460342772151897,0.300877745434118
"p",0.2647,0.2647,0.2647,0.2647,0.2647,0.2647,27.1271464010568,4.47813962616823,27.1271464010568,4.47813962616823,20.0537345114581,1.19740490665514,0.551098265822782,0.215529370176408
"p",0.0419,0.0419,0.0419,0.0419,0.0419,0.0419,52.1481386295161,8.60859607476635,52.1481386295161,8.60859607476635,74.1079263784827,4.42497105050092,1.04526020886075,0.0237987861014741
"p",0.0083,0.0083,0.0083,0.0083,0.0083,0.0083,64.7821174802585,10.6942087850467,64.7821174802585,10.6942087850467,114.366101538171,6.82877950032604,1.10852550632911,0.0140498861759494
"p",0.0591,0.0591,0.0591,0.0591,0.0591,0.0591,48.3159554995315,7.97598065420561,48.3159554995315,7.97598065420561,63.6162673962621,3.79851596618306,0.968909905063287,0.035431419174821
"p",0.0058,0.0058,0.0058,0.0058,0.0058,0.0058,70.5882336983169,11.6526803738318,70.5882336983169,11.6526803738318,135.784959894684,8.10769570799733,1.1628284113924,0.0118225288318324
"p",0.2699,0.2699,0.2699,0.2699,0.2699,0.2699,28.5531898810177,4.71355037383177,28.5531898810177,4.71355037383177,22.2175571266497,1.32660636861134,0.673650822784807,0.156151903366785
"p",0.5115,0.5115,0.5115,0.5115,0.5115,0.5115,15.4873650985607,2.55664869158878,-15.4873650985607,-2.55664869158878,6.53645253220265,0.390290413474153,-0.20575046835443,0.636125841226404
"p",0.866,0.866,0.866,0.866,0.866,0.866,4.36154698740346,0.72000261682243,4.36154698740346,0.72000261682243,0.518403768231147,0.0309537964289803,0.173212075949367,0.708898251925858
"p",0.0268,0.0268,0.0268,0.0268,0.0268,0.0268,55.719401538168,9.19813887850467,55.719401538168,9.19813887850467,84.6057588282592,5.05179475146414,1.01384654430379,0.0258439500131127
"p",0.0129,0.0129,0.0129,0.0129,0.0129,0.0129,62.3526138597736,10.2931471962617,62.3526138597736,10.2931471962617,105.94887920391,6.32618865782273,1.23310899367088,0.00653492588886354
"p",0.0699,0.0699,0.0699,0.0699,0.0699,0.0699,45.4596944003235,7.50447009345794,45.4596944003235,7.50447009345794,56.3170713836047,3.36268227569514,0.97606326582278,0.0306644277388685
"p",0.0029,0.0029,0.0029,0.0029,0.0029,0.0029,74.4064145243588,12.2829842990654,74.4064145243588,12.2829842990654,150.871703291088,9.00852246213525,1.35041746202531,0.00234096097037206
"p",0.471,0.471,0.471,0.471,0.471,0.471,18.0959332367489,2.98727018691589,18.0959332367489,2.98727018691589,8.92378316963648,0.532837499526285,0.425743088607593,0.354179293809921
"p",0.0544,0.0544,0.0544,0.0544,0.0544,0.0544,48.7240264442217,8.04334485981308,48.7240264442217,8.04334485981308,64.6953965338816,3.86295057428869,0.882115094936705,0.054467808088291
"p",0.0039,0.0039,0.0039,0.0039,0.0039,0.0039,71.2657588363462,11.7645259813084,71.2657588363462,11.7645259813084,138.404071564881,8.26408239812624,1.30904725316455,0.00414055364880642
"p",0.2054,0.2054,0.2054,0.2054,0.2054,0.2054,32.1481604062105,5.30700682242991,32.1481604062105,5.30700682242991,28.1643214133176,1.68168660224608,0.494568765822783,0.286624343757049
"p",0.1391,0.1391,0.1391,0.1391,0.1391,0.1391,35.1279382102422,5.79890747663551,35.1279382102422,5.79890747663551,33.6273279225793,2.00788174537722,0.644750563291136,0.135914208234652
"p",0.2232,0.2232,0.2232,0.2232,0.2232,0.2232,29.1302701572094,4.80881457943925,29.1302701572094,4.80881457943925,23.1246976594275,1.38077156783412,0.599744094936706,0.168311848977427
"p",0.6727,0.6727,0.6727,0.6727,0.6727,0.6727,10.7520483669394,1.77494429906542,10.7520483669394,1.77494429906542,3.15042726478484,0.188111449404005,0.380261329113923,0.419146856009245
"p",9e-04,9e-04,9e-04,9e-04,9e-04,9e-04,82.5268478202186,13.6235025233645,82.5268478202186,13.6235025233645,185.599821004119,11.0821321693307,1.54735911392404,0.000902355377144951
"p",0.79,0.79,0.79,0.79,0.79,0.79,6.5949775907166,1.08869654205607,-6.5949775907166,-1.08869654205607,1.18526016068485,0.0707716725408925,-0.0146649303797471,0.974457975085756
"p",0.887,0.887,0.887,0.887,0.887,0.887,3.53577111887812,0.583683831775701,-3.53577111887812,-0.583683831775701,0.340686815476365,0.0203423489151624,0.0108788037974684,0.980852062380778
"p",0.2747,0.2747,0.2747,0.2747,0.2747,0.2747,27.2032054124099,4.49069542056075,27.2032054124099,4.49069542056075,20.1663453602453,1.20412888032715,0.609243487341769,0.182154764018946
"p",0.7566,0.7566,0.7566,0.7566,0.7566,0.7566,7.67933496236065,1.26770186915888,7.67933496236065,1.26770186915888,1.60706802906891,0.095957745039271,0.254916424050631,0.578407272076981
"p",0.2418,0.2418,0.2418,0.2418,0.2418,0.2418,28.6492267883612,4.72940411214953,28.6492267883612,4.72940411214953,22.3672632560169,1.33554529486262,0.470399101265821,0.290085880162114
"p",0.2175,0.2175,0.2175,0.2175,0.2175,0.2175,31.726715005193,5.23743476635514,31.726715005193,5.23743476635514,27.4307229318255,1.63788356791592,0.632786348101263,0.180343474180597
"p",0.5096,0.5096,0.5096,0.5096,0.5096,0.5096,15.3359479553386,2.53165280373832,15.3359479553386,2.53165280373832,6.40926591867608,0.382696123492378,0.484111658227847,0.262520406217882
"p",0.1737,0.1737,0.1737,0.1737,0.1737,0.1737,32.4758413798919,5.36110028037383,32.4758413798919,5.36110028037383,28.7413962162244,1.71614363567858,0.617092056962021,0.149485739683548
"p",0.1249,0.1249,0.1249,0.1249,0.1249,0.1249,38.3164761956133,6.32527018691589,38.3164761956133,6.32527018691589,40.009042937487,2.38893280932539,0.903732405063288,0.0465535679966922
"p",0.8867,0.8867,0.8867,0.8867,0.8867,0.8867,3.67910097338383,0.607344672897197,3.67910097338383,0.607344672897197,0.368867551696603,0.0220250156425985,0.236919069620252,0.613721507717828
"p",0.0407,0.0407,0.0407,0.0407,0.0407,0.0407,51.5678183425912,8.51279700934579,51.5678183425912,8.51279700934579,72.4677129223267,4.3270341979291,0.909520430379743,0.0483551979639304
"p",0.1087,0.1087,0.1087,0.1087,0.1087,0.1087,40.6331212349968,6.70770112149533,40.6331212349968,6.70770112149533,44.9932543353097,2.68653918185164,0.82504732911392,0.072333708837517
"p",0.0231,0.0231,0.0231,0.0231,0.0231,0.0231,57.3145579529791,9.46146672897196,57.3145579529791,9.46146672897196,89.5193526634434,5.34518456193551,1.13551794303797,0.0138157785928773
"p",0.0021,0.0021,0.0021,0.0021,0.0021,0.0021,72.1058681998467,11.9032109345794,72.1058681998467,11.9032109345794,141.686430553092,8.46007146717678,1.33241196202531,0.00230324501762905
"p",0.7287,0.7287,0.7287,0.7287,0.7287,0.7287,8.88051445086404,1.46599214953271,8.88051445086404,1.46599214953271,2.14913298249154,0.128324346610823,0.411853626582277,0.356857666842781
"p",0.5691,0.5691,0.5691,0.5691,0.5691,0.5691,14.4228831518355,2.38092439252336,14.4228831518355,2.38092439252336,5.66880096291275,0.338483093209634,0.230910107594936,0.618465464941802
"p",0.003,0.003,0.003,0.003,0.003,0.003,72.1378170947807,11.908485046729,72.1378170947807,11.908485046729,141.812016108168,8.46757015824438,1.30388225316455,0.00284820970090074
"p",0.0628,0.0628,0.0628,0.0628,0.0628,0.0628,43.7828498588841,7.22765719626168,43.7828498588841,7.22765719626168,52.2390285466733,3.11918306612391,0.857103544303794,0.0485704156241003
"p",0.0634,0.0634,0.0634,0.0634,0.0634,0.0634,46.7892016387687,7.7239446728972,46.7892016387687,7.7239446728972,59.659321309977,3.56224742196849,0.916412411392401,0.0492910824645826
"p",0.0253,0.0253,0.0253,0.0253,0.0253,0.0253,51.0497308321554,8.42727130841121,51.0497308321554,8.42727130841121,71.0189017055709,4.2405259388929,1.05564950632911,0.0133506964592061
"p",0.098,0.098,0.098,0.098,0.098,0.098,40.3971643254359,6.66874943925234,40.3971643254359,6.66874943925234,44.4722190835283,2.65542826000978,0.63701292405063,0.150294770496744
"p",0.1194,0.1194,0.1194,0.1194,0.1194,0.1194,38.024366271098,6.27704878504673,38.024366271098,6.27704878504673,39.4013414498566,2.35264706201711,0.879807588607591,0.0452992962492504
"p",0.5994,0.5994,0.5994,0.5994,0.5994,0.5994,12.8186821080757,2.11610345794393,12.8186821080757,2.11610345794393,4.47789384472224,0.267374241844464,0.297432398734175,0.502264645715902
"p",0.255,0.255,0.255,0.255,0.255,0.255,27.9910392436596,4.62075074766355,27.9910392436596,4.62075074766355,21.3513374720333,1.27488454771627,0.563819202531643,0.206971518363322
"p",0.5809,0.5809,0.5809,0.5809,0.5809,0.5809,13.9133488621156,2.29681065420561,13.9133488621156,2.29681065420561,5.27533918127239,0.314989560488921,0.488500898734175,0.293316747916092
"p",0.1183,0.1183,0.1183,0.1183,0.1183,0.1183,38.7727447768159,6.4005908411215,38.7727447768159,6.4005908411215,40.9675631154484,2.44616587798715,0.864332550632907,0.0593861177620047
"p",0.0015,0.0015,0.0015,0.0015,0.0015,0.0015,75.3812422093819,12.4439085046729,75.3812422093819,12.4439085046729,154.85085887267,9.24611713134807,1.27370503164556,0.00317379204482402
"p",0.4265,0.4265,0.4265,0.4265,0.4265,0.4265,19.0679240016629,3.14772607476635,19.0679240016629,3.14772607476635,9.908179441764,0.591615625149971,0.304881835443037,0.48870118518328
"p",0.2055,0.2055,0.2055,0.2055,0.2055,0.2055,30.1659430132163,4.97978308411215,30.1659430132163,4.97978308411215,24.7982395648095,1.48069845615771,0.536261999999997,0.211971671112205
"p",0.4031,0.4031,0.4031,0.4031,0.4031,0.4031,20.6487995723808,3.40869644859813,20.6487995723808,3.40869644859813,11.6192114786855,0.693781042533119,0.612288588607592,0.171818596969662
"p",0.0562,0.0562,0.0562,0.0562,0.0562,0.0562,47.5656192868216,7.85211542056075,47.5656192868216,7.85211542056075,61.6557165778079,3.68145182691152,0.91380476582278,0.0419794291730394
"p",0.2774,0.2774,0.2774,0.2774,0.2774,0.2774,27.5651870204252,4.55045121495327,27.5651870204252,4.55045121495327,20.7066062596697,1.23638776215662,0.534959278481011,0.248519921510447
"p",0.1285,0.1285,0.1285,0.1285,0.1285,0.1285,38.2301927226419,6.31102654205607,38.2301927226419,6.31102654205607,39.8290560145363,2.37818582229653,0.783348867088605,0.0866208026029809
"p",0.1907,0.1907,0.1907,0.1907,0.1907,0.1907,31.9777991359301,5.27888364485981,31.9777991359301,5.27888364485981,27.8666125359684,1.66391045834186,0.592365278481011,0.180717841029848
"p",0.0801,0.0801,0.0801,0.0801,0.0801,0.0801,41.3936530362607,6.83324943925234,41.3936530362607,6.83324943925234,46.6932978990424,2.78804847946291,0.654701784810123,0.130983988316938
"p",0.1602,0.1602,0.1602,0.1602,0.1602,0.1602,35.612365389007,5.87887654205607,35.612365389007,5.87887654205607,34.5611893967372,2.06364244723821,0.7759326835443,0.0873632172931011
"p",0.2762,0.2762,0.2762,0.2762,0.2762,0.2762,26.8008677524822,4.4242776635514,26.8008677524822,4.4242776635514,19.5742328441998,1.16877394772845,0.585602835443035,0.197211197424236
"p",0.8456,0.8456,0.8456,0.8456,0.8456,0.8456,4.65687257869571,0.768754859813084,4.65687257869571,0.768754859813084,0.590984034486234,0.0352875511663097,0.111739474683544,0.802020727321133
"p",2e-04,2e-04,2e-04,2e-04,2e-04,2e-04,85.4012128969255,14.098001682243,85.4012128969255,14.098001682243,198.753651432526,11.8675450353127,1.67739043037974,0.000141265664556369
"p",0.201,0.201,0.201,0.201,0.201,0.201,32.0012627467702,5.2827570093458,32.0012627467702,5.2827570093458,27.9075216197921,1.66635313243178,0.610065354430377,0.183422409318255
"p",0.0011,0.0011,0.0011,0.0011,0.0011,0.0011,77.6804518808552,12.8234612149533,77.6804518808552,12.8234612149533,164.441157531411,9.81875215170812,1.26275160759493,0.00514220715254895
"p",0.6226,0.6226,0.6226,0.6226,0.6226,0.6226,12.9747710263407,2.14187056074766,12.9747710263407,2.14187056074766,4.58760949899751,0.273925343969159,0.427553778481012,0.367943898258083
"p",0.0464,0.0464,0.0464,0.0464,0.0464,0.0464,52.5068043642369,8.66780448598131,52.5068043642369,8.66780448598131,75.1308346071977,4.48604871817531,0.934119987341769,0.0480481637895274
"p",0.0015,0.0015,0.0015,0.0015,0.0015,0.0015,82.4549493608274,13.6116335514019,82.4549493608274,13.6116335514019,185.276567937649,11.0628307864556,1.43877951265822,0.00139811652627774
"p",0.8204,0.8204,0.8204,0.8204,0.8204,0.8204,5.4337572910252,0.897002710280374,-5.4337572910252,-0.897002710280374,0.804613862250336,0.0480433500339207,-0.088624297468354,0.840184432127983
"p",0.4416,0.4416,0.4416,0.4416,0.4416,0.4416,20.1589804903795,3.32783728971963,20.1589804903795,3.32783728971963,11.0745010268485,0.661256478723653,0.393006405063289,0.406053396501089
"p",0.8037,0.8037,0.8037,0.8037,0.8037,0.8037,6.00846261613784,0.991874859813084,6.00846261613784,0.991874859813084,0.983815737529225,0.0587434620064883,0.0691081012658225,0.873910893253528
"p",0.4984,0.4984,0.4984,0.4984,0.4984,0.4984,16.6599659147223,2.75022121495327,16.6599659147223,2.75022121495327,7.56371673117905,0.451628175354999,0.384607348101264,0.387687519654984
"p",0.0041,0.0041,0.0041,0.0041,0.0041,0.0041,71.3092190257477,11.7717003738318,71.3092190257477,11.7717003738318,138.572929691271,8.27416488669978,1.42118465189873,0.00209384631521167
"p",0.0083,0.0083,0.0083,0.0083,0.0083,0.0083,68.4794815160646,11.304568317757,68.4794815160646,11.304568317757,127.793264850836,7.63051302401752,1.25696131645569,0.00593655349922591
"p",0.076,0.076,0.076,0.076,0.076,0.076,44.4472904035067,7.33734280373832,44.4472904035067,7.33734280373832,53.8365994195705,3.21457373766408,0.848154101265819,0.0590469302292371
"p",0.7859,0.7859,0.7859,0.7859,0.7859,0.7859,6.40352030087458,1.0570908411215,6.40352030087458,1.0570908411215,1.11744104638295,0.0667222053364819,0.121682120253164,0.77729096053765
"p",0.0107,0.0107,0.0107,0.0107,0.0107,0.0107,62.9318398009451,10.3887656074766,62.9318398009451,10.3887656074766,107.926450847089,6.4442691074992,1.06572943670886,0.0191359048902153
"p",0.1168,0.1168,0.1168,0.1168,0.1168,0.1168,35.9556225317086,5.93554130841122,35.9556225317086,5.93554130841122,35.2306506238559,2.10361585756282,0.647761443037972,0.11828426791343
"p",0.7701,0.7701,0.7701,0.7701,0.7701,0.7701,7.35699267489519,1.21448971962617,7.35699267489519,1.21448971962617,1.47498527907765,0.088071107623498,0.17199705063291,0.712138245629927
"p",0.1301,0.1301,0.1301,0.1301,0.1301,0.1301,35.6793990201209,5.88994242990654,35.6793990201209,5.88994242990654,34.6914218276134,2.07141860243004,0.925225436708858,0.0315970698191963
"p",0.0659,0.0659,0.0659,0.0659,0.0659,0.0659,47.4273767530303,7.82929439252336,47.4273767530303,7.82929439252336,61.2978506847978,3.66008371834451,0.801734791139237,0.0931410104182682
"p",0.1392,0.1392,0.1392,0.1392,0.1392,0.1392,36.7854327033066,6.07252607476636,36.7854327033066,6.07252607476636,36.8755729287173,2.20183387464997,0.681691816455693,0.1337038069176
"p",0.0528,0.0528,0.0528,0.0528,0.0528,0.0528,48.2299086724602,7.96177607476636,48.2299086724602,7.96177607476636,63.389878264722,3.78499831156543,0.933907069620249,0.0403206949649213
"p",0.2372,0.2372,0.2372,0.2372,0.2372,0.2372,29.5058651320062,4.8708176635514,29.5058651320062,4.8708176635514,23.7248647115643,1.41660743534452,0.662452537974681,0.141775656932939
"p",0.0184,0.0184,0.0184,0.0184,0.0184,0.0184,54.1275927004084,8.93536364485981,54.1275927004084,8.93536364485981,79.8407234658824,4.76727534087579,0.947816569620249,0.0232610463386763
"p",0.0521,0.0521,0.0521,0.0521,0.0521,0.0521,46.6145411125897,7.69511177570094,46.6145411125897,7.69511177570094,59.2147452405312,3.53570186425047,0.871836651898731,0.04079891123857
"p",0.2384,0.2384,0.2384,0.2384,0.2384,0.2384,29.3523878107205,4.84548168224299,29.3523878107205,4.84548168224299,23.4786927329524,1.40190855046088,0.602144721518984,0.183567116797514
"p",0.2681,0.2681,0.2681,0.2681,0.2681,0.2681,26.4563809569214,4.36740990654206,26.4563809569214,4.36740990654206,19.0742692917617,1.13892121329157,0.576176253164554,0.186569880050916
"p",0.293,0.293,0.293,0.293,0.293,0.293,24.895366091521,4.10971813084112,24.895366091521,4.10971813084112,16.8897831149642,1.00848593376182,0.346017924050632,0.426656468471039
"p",0.6176,0.6176,0.6176,0.6176,0.6176,0.6176,12.0674751743265,1.99209448598131,-12.0674751743265,-1.99209448598131,3.96844044107714,0.236954870086637,-0.184685215189873,0.680097357470333
"p",0.1407,0.1407,0.1407,0.1407,0.1407,0.1407,38.6992311242355,6.38845523364486,38.6992311242355,6.38845523364486,40.8123602722844,2.43689874393662,0.843124246835439,0.0771662999419588
