"","pLW","pLU","pQU","pQH","pMin","pFisher","SW","SL","SWwin","SLwin","SC","SQ","CMCBeta","pBeta"
"p",0.0686,0.075,0.1177,0.0776,0.1113,0.0551,73.4150297138317,10.9426063862928,73.4150297138317,10.9426063862928,83.0757286583598,8.06775201751119,0.359497660603718,0.139072823063011
"p",0.5101,0.8916,0.6947,0.093,0.1443,0.201,27.3042660517646,0.876553676012461,27.3042660517646,0.876553676012461,8.66810761529706,8.02802741651697,-0.105764897445821,0.667749338606761
"p",0.6128,0.4485,0.4408,0.7639,0.7763,0.7478,21.6237824242544,4.92658059190031,21.6237824242544,4.92658059190031,23.8579543326033,1.72504425771271,0.0702091350619199,0.777091997462957
"p",0.7598,0.9362,0.7708,0.4104,0.5678,0.5998,12.8869669060723,0.515841682242991,-12.8869669060723,0.515841682242991,6.35200177404746,3.93019586081262,0.038734783281734,0.876694819945852
"p",0.8493,0.7722,0.8187,0.8537,0.9545,0.9227,7.80442447732293,1.95056881619938,7.80442447732293,1.95056881619938,5.11662245951058,1.44920310168677,0.0114269040247679,0.963961770843741
"p",0.5493,0.5839,0.6536,0.5598,0.7169,0.6,23.8927435929849,3.42368130841121,-23.8927435929849,-3.42368130841121,9.71978819385354,2.73142772244252,-0.220518384287927,0.357416618579891
"p",0.7338,0.7457,0.8808,0.934,0.883,0.8997,14.7310008355556,2.09897962616822,14.7310008355556,2.09897962616822,3.46879535370672,0.860523426036583,0.0853022310371523,0.730306665734948
"p",0.3316,0.5443,0.7055,0.3841,0.4767,0.3603,40.3065136455475,3.77569956386293,40.3065136455475,3.77569956386293,7.65552613684708,3.92832241974761,0.109025768188855,0.655593405076466
"p",0.2197,0.595,0.8803,0.5387,0.3234,0.3418,51.5733715310438,3.43061828660436,51.5733715310438,3.43061828660436,3.60750627792176,3.12209763209599,0.0586118691950469,0.817195752335749
"p",0.2319,0.221,0.2705,0.3588,0.3471,0.2807,47.2854120920429,7.4063099376947,47.2854120920429,7.4063099376947,40.2365638848584,3.86081210043886,0.332409634287928,0.157397294665412
"p",0.5687,0.9727,0.8135,0.5895,0.7388,0.6278,23.9942139551426,0.198270093457944,23.9942139551426,0.198270093457944,4.93238463288809,2.8680973720382,-0.0325038796439635,0.898552435256675
"p",0.6852,0.1525,0.0746,0.2748,0.3973,0.4527,17.1561783046249,9.246786105919,17.1561783046249,9.246786105919,115.110569486946,5.25610592423961,0.586985106424153,0.0201742118902756
"p",0.8871,0.641,0.4885,0.7849,0.9162,0.9066,5.89674761971366,3.03733937694704,-5.89674761971366,3.03733937694704,19.8020892139928,1.69756179869654,0.0193299129256968,0.938602299730175
"p",0.2217,0.6214,0.8991,0.5799,0.3255,0.3589,50.5408807470014,3.13744672897196,50.5408807470014,3.13744672897196,2.78403722287342,2.62759184882367,0.180193037925698,0.466123565649054
"p",0.2552,0.9499,0.6059,0.3391,0.3766,0.2875,47.9725225706874,0.423921682242989,-47.9725225706874,-0.423921682242989,12.5825383440699,4.50825469863834,-0.177696478328175,0.476479274400567
"p",0.5887,0.6573,0.8073,0.9044,0.7575,0.801,21.741724667398,2.79517906542056,-21.741724667398,-2.79517906542056,4.88885643558521,0.883209536081413,-0.144514806501549,0.551824157253983
"p",0.8906,0.4429,0.2653,0.6255,0.7882,0.8164,5.90119777019606,4.92031348909658,5.90119777019606,-4.92031348909658,46.5510409431568,2.51553470421577,-0.206845168343655,0.410407156603977
"p",0.7392,0.9408,0.8765,0.9233,0.8835,0.9014,13.4337751631971,0.457923395638629,13.4337751631971,-0.457923395638629,3.17367813879606,0.849344191759308,-0.0789210990712081,0.740115408115213
"p",0.2769,0.4218,0.5885,0.7255,0.407,0.4741,45.2724114752816,5.15087454828661,45.2724114752816,5.15087454828661,13.1294817656587,2.09690488952503,0.166707343266255,0.5020618352261
"p",0.4764,0.5267,0.5615,0.2843,0.4124,0.3704,29.9832448937104,4.13475040498442,-29.9832448937104,-4.13475040498442,14.9997794979591,5.31280047183336,-0.100041058436533,0.695708239748595
"p",0.7389,0.7222,0.5424,0.8468,0.8839,0.8641,14.1336094786053,2.27631990654206,14.1336094786053,-2.27631990654206,16.4165063135881,1.41500691020731,-0.219125503095977,0.389287909824496
"p",0.8247,0.7951,0.564,0.1285,0.2011,0.3302,9.37846833704823,1.61598806853582,9.37846833704823,-1.61598806853582,14.217161903668,6.92788044498974,-0.12002395510836,0.626031986137595
"p",0.1675,0.2308,0.3379,0.5259,0.2521,0.2921,55.9499138798003,7.41791274143302,55.9499138798003,7.41791274143302,32.4467349983129,2.90100240726121,0.147682451625388,0.541393205030682
"p",0.1185,0.1259,0.1835,0.4473,0.1826,0.2134,65.7364841377983,9.93832009345794,65.7364841377983,9.93832009345794,66.5819665548573,3.65372058854236,0.30138891640867,0.223806190670907
"p",0.7749,0.5079,0.2803,0.5012,0.6721,0.6812,11.9231151342093,4.14892663551402,11.9231151342093,-4.14892663551402,40.1625532066375,3.13859647938771,-0.187569723297215,0.437166089192418
"p",0.5719,0.2718,0.2014,0.1147,0.1748,0.2436,21.6904346476438,6.550546105919,21.6904346476438,6.550546105919,52.1229040862458,6.53196133611015,0.136308684210527,0.56001553726559
"p",0.6248,0.6727,0.837,0.9559,0.7919,0.8469,20.9805101311616,2.74069177570093,-20.9805101311616,-2.74069177570093,4.65320350030698,0.707865074389446,-0.116619996130032,0.64793026825535
"p",0.3006,0.4606,0.6263,0.5704,0.4359,0.4308,44.4733803510965,4.80970890965732,44.4733803510965,4.80970890965732,11.7589727544003,3.08094798713386,0.174186429953562,0.50071400954415
"p",0.1642,0.1056,0.126,0.5364,0.2508,0.2935,60.080211618383,10.6167619003115,60.080211618383,10.6167619003115,87.7390466407968,3.29833701167653,0.327449347910219,0.20124586905662
"p",0.5017,0.3916,0.417,0.8832,0.6613,0.726,27.7672782676004,5.50757797507788,27.7672782676004,5.50757797507788,26.0810927850179,1.01581115664852,0.13471506772446,0.592423943991252
"p",0.2256,0.1778,0.211,0.4896,0.3338,0.3291,51.9303319576312,8.96576962616822,51.9303319576312,8.96576962616822,62.4121460707413,3.49305669407847,0.272462995356039,0.28639752075129
"p",0.3004,0.3318,0.4339,0.8531,0.4383,0.5429,42.8667389319068,6.164893894081,-42.8667389319068,-6.164893894081,24.1575724057561,1.37045881116542,-0.251365276702789,0.308078092792779
"p",0.5435,0.8408,0.5599,0.5241,0.6911,0.5679,25.3729669114065,1.32385028037383,-25.3729669114065,1.32385028037383,15.1040598034564,3.13236583305518,0.11716208010836,0.640790446362863
"p",0.415,0.2059,0.1807,0.561,0.5647,0.5079,33.8210001586953,8.15282196261682,33.8210001586953,8.15282196261682,65.5950818163611,2.80305553042038,0.332174187306504,0.188495788664774
"p",0.419,0.5078,0.5932,0.3815,0.5315,0.4112,34.7347942227648,4.32539168224299,34.7347942227648,4.32539168224299,13.5725116857792,4.45814573979631,0.253917207817339,0.322569227723796
"p",0.5562,0.904,0.6775,0.7654,0.7259,0.7145,25.1885792434859,0.80747277258567,25.1885792434859,-0.80747277258567,9.619766926333,1.81015306776749,-0.0335621826625391,0.893795190885599
"p",0.7998,0.7174,0.8052,0.9747,0.9258,0.9467,11.0368249697112,2.41128112149533,11.0368249697112,2.41128112149533,5.62594039488942,0.470128148510802,0.0635845820433438,0.804334953950885
"p",0.3071,0.1205,0.1069,0.5952,0.4437,0.4439,43.3641794542774,10.0091485981308,43.3641794542774,10.0091485981308,94.9658064204121,2.82871348228849,0.335492519349847,0.183555636717165
"p",0.3974,0.6208,0.8168,0.6167,0.558,0.5263,33.2708205195409,2.98635049844237,-33.2708205195409,-2.98635049844237,4.37482270183343,2.33289879040951,-0.223110375386999,0.343178699298285
"p",0.5821,0.2619,0.1995,0.546,0.714,0.6076,22.2765589910249,7.14573890965732,22.2765589910249,7.14573890965732,58.6159304227464,2.90146325631888,0.194928446207431,0.433095299657656
"p",0.9802,0.501,0.324,0.1952,0.2922,0.4601,1.15421567357679,4.49284822429907,-1.15421567357679,4.49284822429907,39.8368266453481,6.6613332087609,0.231620903637773,0.374771487722181
"p",0.4603,0.4961,0.6179,0.9144,0.6241,0.7097,29.0950423800473,4.09828302180685,29.0950423800473,4.09828302180685,10.5705670859407,0.766520704348687,0.0896026315789477,0.703593677115599
"p",0.5568,0.4214,0.3727,0.1276,0.1996,0.2511,23.8217670629123,5.02495937694704,23.8217670629123,5.02495937694704,28.5109447233685,6.6793795957966,0.235791865325079,0.329316223965352
"p",0.9098,0.8265,0.8478,0.708,0.8653,0.8816,4.42174872312927,1.35631068535826,4.42174872312927,1.35631068535826,3.87229823728698,1.90916175123272,0.0484340344427251,0.839364001273371
"p",0.7297,0.6733,0.7468,0.8459,0.8775,0.8595,14.3177126068125,2.57361221183801,14.3177126068125,2.57361221183801,6.36151367759056,1.32543925260894,0.0455297445820435,0.849882963533414
"p",0.5582,0.547,0.2575,0.3034,0.4302,0.4231,24.7719396370292,3.87541479750779,24.7719396370292,-3.87541479750779,48.9794195113687,4.83828254242237,-0.210556251934986,0.406294930867134
"p",0.7912,0.7353,0.8294,0.9169,0.9178,0.9174,10.5757257163072,2.07130043613707,-10.5757257163072,-2.07130043613707,4.30976200762464,0.801828865878822,-0.12346879256966,0.603962907264967
"p",0.7517,0.5088,0.4547,0.6526,0.8187,0.7708,12.9458209611795,4.10512517133956,-12.9458209611795,-4.10512517133956,20.6612687509301,2.36747995303052,-0.157638498452013,0.515027368011843
"p",0.9378,0.5251,0.4207,0.9026,0.9779,0.9717,3.43357978476169,4.24119760124611,3.43357978476169,4.24119760124611,27.3256426182929,1.11247181943191,0.151278701625388,0.558859967364522
"p",0.0089,0.0736,0.2072,0.0288,0.0148,0.0104,105.733315641322,10.996537258567,105.733315641322,10.996537258567,52.96701479054,11.3569728019333,0.35073775154799,0.148255615050727
"p",0.5955,0.3562,0.2982,0.2751,0.3965,0.4168,21.6212886565484,5.793006105919,-21.6212886565484,-5.793006105919,38.5308899939461,4.89768971962405,-0.154377977941177,0.528927172209344
"p",0.7932,0.4471,0.3492,0.2948,0.4283,0.515,10.4717831883082,4.68791239875389,10.4717831883082,4.68791239875389,31.5058302187948,4.59323829052616,0.100886426083592,0.674710097291258
"p",0.9215,0.6655,0.5559,0.9248,0.9843,0.9736,3.98934489383689,2.87528482866044,-3.98934489383689,2.87528482866044,16.3181734907117,0.98391586859933,0.018053099845201,0.94332785575519
"p",0.803,0.4334,0.3577,0.8984,0.9283,0.9201,9.90872304282077,4.70501056074766,9.90872304282077,4.70501056074766,28.5943171509817,1.03080774696649,0.364121081656349,0.120458143998726
"p",0.1462,0.6364,0.7572,0.1682,0.2215,0.1396,60.6826431923934,3.01231909657321,60.6826431923934,3.01231909657321,6.36879268941694,6.169923584329,-0.0173188080495358,0.944136562104039
"p",0.7575,0.9266,0.8488,0.8252,0.8977,0.8624,12.8682717494501,0.578989875389408,12.8682717494501,-0.578989875389408,4.13137454660698,1.45067085600444,-0.00751586687306509,0.975765390087539
"p",0.3991,0.2018,0.1869,0.6859,0.5497,0.5567,34.8183194251254,8.06814171339564,-34.8183194251254,-8.06814171339564,62.1118052626489,2.09667856325419,-0.330120497291024,0.18225199050062
"p",0.9302,0.9115,0.9242,0.6973,0.8546,0.8802,4.01567677921167,0.740672866043614,-4.01567677921167,-0.740672866043614,2.5476706786733,2.12723336740979,-0.159040863003097,0.530503525763536
"p",0.1247,0.1738,0.2703,0.4214,0.191,0.215,65.8725956409267,8.87397401869159,65.8725956409267,8.87397401869159,47.1859085811793,3.92528991169387,0.386675775928794,0.125727322406457
"p",0.9296,0.7563,0.5674,0.1362,0.2131,0.3626,3.63845052952105,1.93264682242991,3.63845052952105,-1.93264682242991,13.326416715779,6.05640779846753,-0.0412895839783285,0.860481236114494
"p",0.6355,0.6671,0.7765,0.7989,0.8081,0.7908,20.0826698919566,2.80412806853583,20.0826698919566,2.80412806853583,6.21707180906178,1.68412581079881,0.00638448916408697,0.979858456323238
"p",0.6272,0.8804,0.8592,0.4182,0.577,0.5473,20.217745382001,0.965905576323987,-20.217745382001,-0.965905576323987,3.93789998104731,3.90875665021168,-0.167074698142416,0.498474981503908
"p",0.9281,0.866,0.8679,0.9085,0.9769,0.9669,3.47614059820809,1.05269280373832,-3.47614059820809,1.05269280373832,3.29270255754254,0.811984009401825,-0.0403479914860684,0.868261464257092
"p",0.6686,0.7544,0.8911,0.7812,0.8272,0.7927,17.0347310629692,1.86347065420561,-17.0347310629692,-1.86347065420561,2.83494096601385,1.50380110150045,0.113930549535604,0.628537206567582
"p",0.3504,0.3689,0.46,0.7904,0.4923,0.5605,37.9583113532118,5.59180978193146,37.9583113532118,5.59180978193146,20.8445698031434,1.53056579933186,0.173890659829723,0.474833617809832
"p",0.9686,0.8427,0.9102,0.9694,0.9963,0.9933,1.68596837112794,1.33835713395639,1.68596837112794,1.33835713395639,3.02341412761629,0.549871198163283,0.111064984520125,0.668804688882079
"p",0.9195,0.7826,0.6452,0.3961,0.551,0.6594,4.3695782349183,1.7923184423676,4.3695782349183,-1.7923184423676,10.8236522707552,4.21187625029231,-0.111645572755418,0.655822690204946
"p",0.3811,0.4218,0.5241,0.7441,0.5336,0.5721,36.8516379142133,5.12307174454829,36.8516379142133,5.12307174454829,16.9738224154612,1.92028093346175,0.176037343266255,0.484602024152535
"p",0.3473,0.4211,0.521,0.4768,0.4914,0.42,37.9230093439807,4.96648330218069,37.9230093439807,4.96648330218069,16.1839277569072,3.18194073032508,0.1439448626161,0.548203037012522
"p",0.1675,0.9538,0.503,0.2291,0.2541,0.1791,57.0543134739549,0.373640778816202,-57.0543134739549,-0.373640778816202,18.2283143620092,5.66164182155071,0.000424820046439505,0.998641486929203
"p",0.0806,0.288,0.5301,0.264,0.1243,0.1263,70.9778830008589,6.54188847352025,70.9778830008589,6.54188847352025,15.5642001502198,4.88612270416746,0.148551207430342,0.539900286396172
"p",0.9683,0.4915,0.3575,0.6658,0.826,0.8768,1.67034801447831,4.30478062305296,1.67034801447831,4.30478062305296,30.4697237671305,2.12244812497209,0.189071635061921,0.439922077915872
"p",0.6793,0.9181,0.7,0.3509,0.5005,0.5204,17.118388249963,0.604112990654205,17.118388249963,-0.604112990654205,8.21742088888875,4.35056600858617,-0.0513963506191955,0.837582000211435
"p",0.4108,0.8567,0.4584,0.1543,0.2366,0.2356,35.8977259180476,1.19786884735202,-35.8977259180476,1.19786884735202,23.279280087259,6.94958227800282,0.11436984133127,0.658794295028928
"p",0.9869,0.7659,0.7686,0.9497,0.9925,0.9939,0.609479195705469,2.0042914953271,-0.609479195705469,-2.0042914953271,6.87490347455327,0.671520491211224,-0.0832732023993817,0.749627417063681
"p",0.6076,0.4163,0.3906,0.6024,0.7772,0.66,22.2346462215352,5.44981629283489,-22.2346462215352,-5.44981629283489,31.3587283286593,3.02722663497054,-0.154355327012386,0.550777193630546
"p",0.2754,0.2803,0.3513,0.5765,0.3985,0.41,46.490138445408,6.98766190031153,46.490138445408,6.98766190031153,33.841402421694,2.94849938226632,0.282760284442726,0.262615768770805
"p",0.4446,0.2285,0.2013,0.5592,0.6028,0.5273,32.7396099616256,7.82978501557633,32.7396099616256,7.82978501557633,60.6075339055334,2.9712073160727,0.190889073142416,0.451917330303982
"p",0.5979,0.4775,0.507,0.9491,0.7742,0.8321,22.5141034767862,4.61957492211838,22.5141034767862,4.61957492211838,18.9816031894101,0.885645408463874,0.0612382623839017,0.807321678811652
"p",0.9094,0.8445,0.8594,0.6408,0.7994,0.8326,4.52622116340715,1.23088869158879,-4.52622116340715,-1.23088869158879,3.72729462217037,2.2032244264083,-0.183648442337463,0.455063003640253
"p",0.1723,0.2929,0.4359,0.5284,0.2622,0.2978,56.2044995855193,6.7593138317757,56.2044995855193,6.7593138317757,24.0961147338896,3.07588014215877,0.314147954721364,0.202694592608847
"p",0.0468,0.0505,0.0847,0.1239,0.076,0.0592,83.87957978715,12.667059376947,83.87957978715,12.667059376947,109.407017813646,7.31687646116751,0.354687954721365,0.162211858555371
"p",0.042,0.016,0.0204,0.0896,0.0665,0.0469,80.8486913559168,14.581631682243,80.8486913559168,14.581631682243,169.738100331716,7.47344369705687,0.481182474845204,0.0426880646995549
"p",0.9878,0.5591,0.4175,0.4606,0.631,0.7447,0.640453601880743,3.87888775700935,0.640453601880743,3.87888775700935,27.4011634053399,3.80367567524368,0.0352786996904026,0.889338764167722
"p",0.4709,0.1141,0.0669,0.2863,0.419,0.3746,31.7359392618186,10.6304214018692,-31.7359392618186,-10.6304214018692,131.049019902069,5.53617708876558,-0.43681124419505,0.0959108710182087
"p",0.0062,0.0244,0.0678,0.0521,0.0102,0.0123,116.90517552561,14.9355571028037,116.90517552561,14.9355571028037,123.310190719963,9.99779398480689,0.567875735294122,0.0257903998761665
"p",0.961,0.6538,0.5505,0.859,0.9605,0.9673,1.9844810717446,2.93156666666667,1.9844810717446,-2.93156666666667,16.0789777859778,1.28980828072954,0.0305283339783284,0.903404425286001
"p",0.5595,0.7367,0.4246,0.2311,0.3446,0.3658,23.777623643539,2.09827794392523,-23.777623643539,2.09827794392523,24.1494782954735,5.4337091560678,0.0394480553405577,0.872080913414718
"p",0.1156,0.4897,0.7308,0.1751,0.1811,0.12,64.6317941560263,4.38970186915888,64.6317941560263,4.38970186915888,7.24536876934829,6.2725382801961,0.202385485681116,0.414095607934777
"p",0.7737,0.9746,0.94,0.9177,0.9126,0.9151,11.8827434235024,0.188124174454829,11.8827434235024,-0.188124174454829,2.09508997980569,0.942275970961061,-0.048483275928793,0.845197432767361
"p",0.9266,0.8583,0.8566,0.8923,0.9733,0.9654,4.01849020718943,1.15906716510903,-4.01849020718943,1.15906716510903,4.28982230383437,1.23630524112659,-0.0469853270123843,0.859836427147837
"p",0.6811,0.6831,0.7951,0.9347,0.8367,0.8693,16.6330623604806,2.59075996884735,16.6330623604806,2.59075996884735,5.12335633367573,0.70045226815745,0.150747064628484,0.529244815114886
"p",0.9058,0.4842,0.3828,0.8152,0.936,0.9278,5.06901371061084,4.67607825545171,-5.06901371061084,-4.67607825545171,32.4844099325899,1.63357987824293,-0.277563359133129,0.288253860212994
"p",0.516,0.3957,0.4107,0.75,0.6858,0.6837,25.1558039375419,5.00387211838006,25.1558039375419,5.00387211838006,22.3629851660593,1.62914019076636,0.0664545181888551,0.771229699141498
"p",0.305,0.1512,0.1421,0.4996,0.4407,0.3996,44.6654934373613,9.54805722741433,44.6654934373613,9.54805722741433,83.1477907769532,3.50981889587494,0.285191190015482,0.266569870947826
"p",0.0141,0.0393,0.083,0.1039,0.0244,0.0302,105.311013826365,14.021023894081,105.311013826365,14.021023894081,114.356869312673,8.14943026100279,0.35487535410217,0.166661718094323
"p",0.1429,0.194,0.2825,0.4533,0.2152,0.2407,63.566425062623,8.62838314641744,-63.566425062623,-8.62838314641744,45.1813963619604,3.84598125856364,-0.309497997291024,0.230557180616848
"p",0.2624,0.2759,0.3584,0.8083,0.3842,0.4879,47.8116762853524,7.2045276635514,47.8116762853524,7.2045276635514,34.6081985346444,1.66536197225367,0.160429092492261,0.536963489267444
"p",0.1032,0.2661,0.4749,0.4787,0.1612,0.2054,69.8516142664913,7.19638514018692,69.8516142664913,7.19638514018692,21.0401861842977,3.60498901903454,0.0975367627708984,0.700922244934671
"p",0.4595,0.5871,0.7025,0.5389,0.6294,0.5277,32.2612873754997,3.70956196261682,32.2612873754997,3.70956196261682,9.31351256101907,3.48255950161223,0.069467240712075,0.790203238108701
"p",0.5337,0.8549,0.9197,0.6406,0.7029,0.6318,25.1345114302448,1.14330750778816,25.1345114302448,1.14330750778816,2.35043951038793,2.25156766044972,0.0834700812693501,0.725403945766568
"p",0.2004,0.128,0.1465,0.5804,0.2982,0.3406,53.3069972917766,9.85381367601246,53.3069972917766,9.85381367601246,78.3730451387289,2.65052611438042,0.296052815402479,0.232792602428097
"p",0.4342,0.8269,0.9574,0.8335,0.5949,0.6544,33.1652795833525,1.3951384423676,33.1652795833525,1.3951384423676,1.77352173788538,1.44990480367032,-0.0496308397832821,0.844426742846377
"p",0.9349,0.7832,0.78,0.7373,0.8823,0.9021,3.43836497273725,1.89108196261682,-3.43836497273725,-1.89108196261682,6.7093870898172,2.09929026863363,-0.238613991873066,0.360486092703313
"p",0.5457,0.6445,0.818,0.8643,0.7137,0.755,25.3811781433188,2.92748130841122,-25.3811781433188,-2.92748130841122,4.8849622985657,1.22943064566475,-0.202268962848299,0.416256145594237
"p",0.7021,0.8066,0.9204,0.7829,0.8568,0.8167,15.153408703843,1.5566215576324,15.153408703843,1.5566215576324,2.29448619311155,1.48843698331221,0.164023115325078,0.489606240081212
"p",0.2844,0.9556,0.4909,0.1629,0.2484,0.1939,44.2334791205265,0.358631744548287,44.2334791205265,-0.358631744548287,18.9542274181541,6.22916044095735,-0.161756942724459,0.511824466821807
"p",0.0778,0.0472,0.0587,0.3274,0.1263,0.1404,71.2810493519696,12.3534497819315,-71.2810493519696,-12.3534497819315,116.599592004355,4.33271736651899,-0.458097401315793,0.0564052758782151
"p",0.7745,0.9387,0.9929,0.9735,0.9057,0.9303,12.0687949723595,0.437026947040499,-12.0687949723595,-0.437026947040499,0.507484553378421,0.420114803309912,0.0305132410990718,0.899410030887491
"p",0.1765,0.1784,0.2294,0.2197,0.2716,0.1773,58.6441732700363,8.88250585669782,58.6441732700363,8.88250585669782,56.4893434037106,6.12278206617925,0.447828763544895,0.0807063757647846
"p",0.6877,0.7466,0.8357,0.6469,0.8093,0.7272,16.5892060283288,2.07456124610592,16.5892060283288,2.07456124610592,4.48848047615874,2.38163824930902,-0.0110549438854489,0.964992580976153
"p",0.3206,0.2982,0.3592,0.7375,0.466,0.5198,45.018332799416,7.19511663551402,45.018332799416,7.19511663551402,37.5126307460852,2.41515742564996,0.249838008900931,0.353028699903926
"p",0.1207,0.3263,0.5586,0.4289,0.1856,0.2108,64.3736258009308,6.22729809968847,64.3736258009308,6.22729809968847,14.7725363297899,3.64407403026871,0.103973285603716,0.672805532032462
"p",0.2764,0.2281,0.2709,0.4839,0.4087,0.3647,44.7460205509366,7.51398451713396,44.7460205509366,7.51398451713396,43.6469220808987,3.36949413235802,0.255620292182665,0.298998768792849
"p",0.8214,0.3742,0.17,0.2426,0.363,0.4667,9.62262034769181,5.86183242990654,-9.62262034769181,5.86183242990654,71.0705146165176,5.65502670983072,0.164995071594428,0.520274606744478
"p",0.3282,0.4079,0.5491,0.8769,0.4653,0.5755,41.3596289731859,5.38029884735202,41.3596289731859,5.38029884735202,16.3199376591621,1.20515842398738,0.292565835913315,0.242801237705831
"p",0.849,0.6598,0.6412,0.7525,0.8966,0.8761,8.26262115302339,2.85661373831776,-8.26262115302339,-2.85661373831776,11.1665791853025,1.99518733890193,-0.216792799922602,0.396049182643742
"p",0.3531,0.6263,0.8978,0.7715,0.4909,0.5554,39.8657462184002,3.15208548286604,39.8657462184002,3.15208548286604,3.13347071925731,1.75505734530741,0.0685667260061926,0.789356427368415
"p",0.233,0.5188,0.8114,0.6397,0.3484,0.3941,52.4905023835538,4.25120548286604,52.4905023835538,4.25120548286604,5.60289670656323,2.80094695020801,0.214357124613005,0.414925799177016
"p",0.6629,0.5005,0.4881,0.6248,0.7904,0.7044,17.2153143441525,4.11757919003115,17.2153143441525,4.11757919003115,18.2698304011554,2.33369604232879,0.0907899709752328,0.705764210037201
"p",0.0458,0.0926,0.1871,0.3047,0.0747,0.0983,86.7996289352921,11.1051617133956,86.7996289352921,11.1051617133956,67.85897202229,5.07461292511625,0.441464887770901,0.0845792596748242
"p",0.9411,0.9741,0.9607,0.7976,0.9295,0.9366,3.03529568155381,0.233216448598132,-3.03529568155381,-0.233216448598132,1.70173308021109,1.70046956421972,0.122476358359134,0.627611289043043
"p",0.7865,0.9696,0.9924,0.982,0.9206,0.9448,11.4746201007019,0.255082211838006,11.4746201007019,0.255082211838006,0.650685721180908,0.415825609748682,-0.0399240828173378,0.87419423930278
"p",0.0671,0.0707,0.1011,0.0305,0.0497,0.0327,77.7591030768313,11.7291447040498,77.7591030768313,11.7291447040498,98.0729467367046,10.6740325206609,0.46466628289474,0.063003924438446
"p",0.665,0.7135,0.4505,0.3341,0.4761,0.4994,17.8207922290077,2.4241569470405,17.8207922290077,-2.4241569470405,23.2953144617096,4.64357157503863,-0.1922059752322,0.436531879442163
"p",0.1713,0.2952,0.4501,0.5325,0.2614,0.2955,57.1511395235852,6.76874940809969,57.1511395235852,6.76874940809969,23.6454252927045,3.12464979851281,0.181864686532509,0.474241685253656
"p",0.4149,0.3997,0.469,0.8358,0.5647,0.6337,33.7985496217215,5.4064746105919,33.7985496217215,5.4064746105919,21.2047691128248,1.37025603813413,0.140402389705883,0.580871466719251
"p",0.7713,0.9958,0.8767,0.5741,0.7441,0.7302,12.5571702236297,0.0284277258566972,12.5571702236297,0.0284277258566972,3.60971537897098,2.89830088687397,-0.0951169427244589,0.708096711867558
"p",0.1742,0.1183,0.1398,0.378,0.259,0.2401,57.4976606871816,10.2248200623053,57.4976606871816,10.2248200623053,83.0227429513858,4.24999102338329,0.258835967492262,0.31322481492434
"p",0.5594,0.7132,0.846,0.5994,0.7341,0.6342,24.0024911847676,2.28829299065421,24.0024911847676,2.28829299065421,3.99862071322146,2.56189703219368,0.114363407507741,0.63292407336503
"p",0.8918,0.3983,0.254,0.2121,0.3153,0.4554,5.6745910030797,5.28498716510903,5.6745910030797,5.28498716510903,44.912264998506,5.46594775228204,0.0653826857585143,0.7862100912248
"p",0.907,0.9514,0.9286,0.6554,0.8155,0.8439,5.09536762736909,0.441096386292836,5.09536762736909,0.441096386292836,2.41620868899929,2.38416352026713,-0.0248793421052639,0.923878299656907
"p",0.2276,0.8436,0.6901,0.3089,0.3428,0.2531,52.4442295734785,1.29465367601246,52.4442295734785,1.29465367601246,9.43364923601793,5.21372951211716,-0.00797666989164091,0.975524074349883
"p",0.8012,0.63,0.4471,0.6606,0.8225,0.7955,10.4953395839451,3.08244261682243,10.4953395839451,-3.08244261682243,23.73389538616,2.24295161089284,-0.0195472465170283,0.938476865498182
"p",0.4681,0.6334,0.2819,0.1003,0.1578,0.2003,30.8181566226045,3.06404380062305,-30.8181566226045,3.06404380062305,44.3867203104493,7.86686846375192,0.253810810758516,0.310808539837204
"p",0.1132,0.0919,0.1258,0.2727,0.1796,0.1558,67.0518811089194,10.832962834891,67.0518811089194,10.832962834891,85.7826739881555,5.3048088875703,0.442698573916412,0.0792453148425189
"p",0.9604,0.5622,0.4339,0.6286,0.7901,0.8467,2.15060113814613,3.83049591900312,-2.15060113814613,-3.83049591900312,24.4657411736411,2.46453107524216,-0.238566232585141,0.346703599670178
"p",0.8119,0.7988,0.9239,0.953,0.9351,0.9447,9.72883080691432,1.62900031152648,9.72883080691432,1.62900031152648,2.60286313140022,0.716988511320812,-0.0516753966718271,0.83365916967106
"p",0.9944,0.5792,0.4545,0.7709,0.9073,0.9409,0.304746094643531,3.76347342679128,0.304746094643531,-3.76347342679128,24.8518060207646,2.01329940413004,-0.372323622291024,0.153901659092401
"p",0.0516,0.3262,0.6226,0.1458,0.0818,0.0731,78.6795565442309,6.01628445482866,78.6795565442309,6.01628445482866,10.5375835884258,6.3016149810444,0.134419907120744,0.57395000308221
"p",0.128,0.0361,0.0369,0.2552,0.2009,0.1635,59.6965845336755,12.4070807788162,59.6965845336755,12.4070807788162,136.401237425995,4.61957521806051,0.50321225425697,0.0331874963654187
"p",0.8067,0.6099,0.4155,0.5864,0.7504,0.7531,10.0058148174687,3.26566940809969,-10.0058148174687,3.26566940809969,25.9947763610808,2.63786202677007,0.281731215170281,0.262807208242572
"p",0.6187,0.2367,0.1533,0.1741,0.2611,0.3272,20.7136712378634,7.83301853582555,20.7136712378634,7.83301853582555,78.1772807479214,6.90002292273542,0.185116414473686,0.475574553603934
"p",0.7743,0.4482,0.3644,0.4411,0.6087,0.6355,11.8266446364319,4.91912386292835,-11.8266446364319,-4.91912386292835,32.9195325160409,3.92302290967613,-0.322098370743036,0.206882613290088
"p",0.116,0.0168,0.0107,0.071,0.1132,0.0754,68.3053696467027,15.7900568847352,-68.3053696467027,-15.7900568847352,238.667920102394,9.14992474311924,-0.670895458591336,0.00803393726914639
"p",0.546,0.4501,0.4558,0.4555,0.6184,0.5301,25.9679930660712,4.96398130841122,-25.9679930660712,-4.96398130841122,23.5720892261788,3.81400614403096,-0.0278363951238392,0.91348930441119
"p",0.8213,0.9119,0.8919,0.9549,0.9413,0.9507,9.43808377427684,0.694807040498443,-9.43808377427684,0.694807040498443,3.02236564940412,0.642238651166944,-0.0726440150928798,0.765403782981126
"p",0.1546,0.4284,0.6768,0.4058,0.2377,0.2407,59.0665929715488,5.10318152647975,59.0665929715488,5.10318152647975,9.12715558374593,3.89366604275685,0.220568357198144,0.372190392525012
"p",0.5844,0.3565,0.3,0.1511,0.2288,0.2896,23.5836096120684,6.06335442367601,23.5836096120684,6.06335442367601,43.2622354030205,7.23348624505106,0.114483544891641,0.655201125174415
"p",0.7746,0.2684,0.1632,0.4728,0.6453,0.6648,11.6542534631865,6.85789401869159,11.6542534631865,6.85789401869159,64.9156387544018,3.31439678963867,0.24781470394737,0.308066349076987
"p",0.7636,0.973,0.8353,0.5331,0.7135,0.7093,12.0832558959694,0.217804454828662,12.0832558959694,-0.217804454828662,4.34502783489991,3.085163666487,-0.110838084365326,0.645546505888409
"p",0.2563,0.404,0.564,0.7402,0.3785,0.4535,48.9263171235189,5.64627186915888,48.9263171235189,5.64627186915888,15.7082424624034,2.08827881054921,0.30194269156347,0.242296280092263
"p",0.0207,0.0913,0.2082,0.0427,0.034,0.0217,91.8510246052547,10.3623591900312,91.8510246052547,10.3623591900312,52.3771263658832,8.45145839323531,0.397221366099073,0.0930618700898702
"p",0.0038,0.0121,0.0315,0.0172,0.0064,0.0054,116.428521237003,15.9808851090343,116.428521237003,15.9808851090343,155.433220276656,11.4332862307404,0.421814514318889,0.0847198223051859
"p",0.12,0.0997,0.1323,0.4438,0.1868,0.2143,64.3220749013366,10.4599544859813,-64.3220749013366,-10.4599544859813,79.1920541849195,3.64202002698172,-0.355522894736845,0.144053000228589
"p",0.0944,0.1521,0.2469,0.3875,0.146,0.171,68.3860525293122,9.01441738317757,68.3860525293122,9.01441738317757,47.1488072420628,3.88182251168962,0.335332291021675,0.170822089188896
"p",0.0059,0.0356,0.1086,0.0588,0.0093,0.0121,114.337307728801,13.4626542990654,114.337307728801,13.4626542990654,89.2369798443577,8.89296829887232,0.515990886222914,0.0363264248469947
"p",0.9964,0.6126,0.502,0.8684,0.9667,0.9797,0.261080532271304,3.30260626168224,-0.261080532271304,3.30260626168224,18.9698644277642,1.38562305589855,0.0834012074303412,0.745766017907426
"p",0.4408,0.7713,0.4277,0.3115,0.4382,0.3763,31.6496327931115,1.80846433021807,31.6496327931115,-1.80846433021807,25.2372907712767,4.85500008863921,-0.103795284442725,0.682996800714804
"p",0.3344,0.3769,0.4901,0.8725,0.4781,0.5803,39.4024299727488,5.50864526479751,-39.4024299727488,-5.50864526479751,18.7381243868668,1.19899146668342,-0.26757774767802,0.265093045774947
"p",0.4509,0.6112,0.7729,0.6188,0.6127,0.5671,30.8139027238019,3.17891757009346,-30.8139027238019,-3.17891757009346,5.8385717451429,2.43079305254168,-0.0400970955882358,0.869237319895159
"p",0.4758,0.4198,0.4874,0.9483,0.6492,0.7405,27.7232613855721,4.79723476635514,-27.7232613855721,-4.79723476635514,17.6171522710137,0.71200995757458,-0.201738738390094,0.396073984380611
"p",0.8698,0.619,0.4654,0.7692,0.905,0.8895,6.71041745228982,3.11625542056075,6.71041745228982,-3.11625542056075,21.1229808876816,1.65653467666278,-0.121004483359134,0.625728379539913
"p",0.6706,0.2993,0.2267,0.6495,0.817,0.7252,17.3184054535141,6.5092261682243,17.3184054535141,6.5092261682243,51.5833266973102,2.45917176693196,0.15948294891641,0.522137637628593
"p",0.3967,0.162,0.1351,0.5563,0.548,0.4956,36.976400413628,9.33828448598131,36.976400413628,9.33828448598131,87.7056673905281,3.0539700751002,0.216004046052633,0.399638820646303
"p",0.2423,0.1025,0.094,0.3012,0.3606,0.2584,48.6890379124285,10.4055092834891,48.6890379124285,10.4055092834891,99.5243557005097,4.96001281648824,0.359421731811149,0.155355553363827
"p",0.1496,0.7005,0.7667,0.2654,0.227,0.1825,57.7452809080462,2.41341987538941,-57.7452809080462,-2.41341987538941,5.80560593027395,4.78575284826883,-0.0898497581269359,0.713831283457237
"p",0.0864,0.0181,0.0152,0.1633,0.136,0.1001,69.1284242145364,14.8118215576324,-69.1284242145364,-14.8118215576324,198.170903055667,6.20086623337481,-0.530776174535608,0.0264913453333818
"p",0.8949,0.7285,0.7885,0.9842,0.9746,0.9812,5.75689334566149,2.16937261682243,5.75689334566149,2.16937261682243,5.8403722422637,0.379408090957178,0.0618996188080501,0.805616909317702
"p",0.257,0.6063,0.8203,0.3661,0.3788,0.3041,46.9649799961801,3.24199239875389,46.9649799961801,3.24199239875389,4.85868568669258,4.24802686752764,0.136422517414862,0.587316152268511
"p",0.2641,0.2672,0.3401,0.6933,0.3837,0.4459,46.0738482365983,7.0099346105919,46.0738482365983,7.0099346105919,33.6314033759046,2.09336647614316,0.17319246517028,0.481997295254127
"p",0.616,0.5896,0.6928,0.9749,0.7872,0.854,21.5740698211679,3.43654133956386,21.5740698211679,3.43654133956386,8.43710013553155,0.459128595447402,0.0652016660216723,0.791349072545722
"p",0.892,0.7538,0.7385,0.6218,0.7881,0.8189,5.85395805785815,2.05848947040498,5.85395805785815,2.05848947040498,7.37669795884336,2.5882432634561,9.95820433432652e-05,0.999687088918823
"p",0.979,0.9081,0.947,0.8706,0.9643,0.9723,1.12183712332284,0.749475514018692,-1.12183712332284,-0.749475514018692,1.99350995914665,1.24305609142964,-0.0487700212848298,0.84597964316988
"p",0.2672,0.5038,0.7735,0.8066,0.3983,0.4952,48.8668804355508,4.4886315576324,48.8668804355508,4.4886315576324,6.81513311543086,1.83907966609013,0.142394125386998,0.587766051966433
"p",0.2544,0.2493,0.3158,0.6718,0.3616,0.4234,49.8256294401965,7.78401579439253,49.8256294401965,7.78401579439253,42.2753372713654,2.20333881512988,0.0872535603715176,0.739151958813505
"p",0.9089,0.7971,0.8349,0.8593,0.9577,0.9465,4.76190384854477,1.67637457943925,-4.76190384854477,-1.67637457943925,4.37556391223392,1.19688457100489,-0.00886076238390067,0.971837929549396
"p",0.6587,0.8533,0.9947,0.9779,0.8162,0.8736,18.1848915522346,1.18743358255452,18.1848915522346,1.18743358255452,0.496649898426038,0.449637044480793,0.0753921691176476,0.756355722537399
"p",0.1209,0.3683,0.6127,0.2893,0.1885,0.1661,68.7309632210163,6.02160024922118,68.7309632210163,6.02160024922118,13.212644528775,5.55388068466406,0.0216286029411767,0.934127890320645
"p",0.2163,0.2697,0.3703,0.6279,0.3171,0.3746,49.1064354257524,6.76380127725857,49.1064354257524,6.76380127725857,28.1156112779488,2.19802822345535,0.235469653637773,0.32776802261644
"p",0.5798,0.6176,0.7766,0.9627,0.7571,0.8247,23.240725659814,3.07910551401869,-23.240725659814,-3.07910551401869,5.69060096548404,0.60542304172934,-0.0819383649380808,0.739386453447817
"p",0.5781,0.8329,0.9698,0.8397,0.7505,0.7662,24.0088247946953,1.40038451713396,-24.0088247946953,-1.40038451713396,1.56148833405637,1.5601182543622,-0.0229474671052632,0.928938531079359
"p",0.0714,0.0435,0.0566,0.1566,0.1114,0.0888,76.9094826040955,13.1762680062305,-76.9094826040955,-13.1762680062305,133.04810729259,6.73210279975033,-0.541717925696598,0.0324003237505166
"p",0.7405,0.6034,0.6175,0.8177,0.8814,0.8483,13.8055804459131,3.30326445482866,13.8055804459131,3.30326445482866,11.6167452933155,1.35779325009647,0.0303887016253872,0.902906298019198
"p",0.844,0.6801,0.699,0.9803,0.9516,0.965,7.58293166712645,2.55573900311526,7.58293166712645,2.55573900311526,7.64910340765025,0.376738886200132,0.0694867434210533,0.770191616148494
"p",0.1871,0.1441,0.1768,0.4233,0.28,0.2717,56.0415990545164,9.45425224299066,56.0415990545164,9.45425224299066,67.8929735729755,3.83274960997576,0.405445977167185,0.10775905395315
"p",0.886,0.8122,0.9055,0.971,0.9699,0.9748,5.66031110994895,1.44843252336449,5.66031110994895,1.44843252336449,2.45904258450539,0.408414645667797,0.00819189241486091,0.97155510567827
"p",0.033,0.0201,0.0288,0.1227,0.0522,0.0491,93.2732579727903,15.5892892211838,93.2732579727903,15.5892892211838,180.385993262811,7.80801780732558,0.561236913699693,0.0288532920023292
"p",0.0312,0.0414,0.0758,0.1019,0.0503,0.0435,87.0726218717888,12.6387856386293,87.0726218717888,12.6387856386293,104.450560525765,7.56233127503505,0.51688571787926,0.0298615179224787
"p",0.5791,0.0982,0.0438,0.2875,0.4141,0.4197,24.2776065695371,11.1721677570093,24.2776065695371,11.1721677570093,159.587960818215,5.48684588841374,0.402241079721365,0.127773077566253
"p",0.4434,0.5467,0.685,0.7002,0.6108,0.6019,32.4600691633,3.91088909657321,32.4600691633,3.91088909657321,9.30783211335495,2.25246843400625,0.112779361455109,0.654160923883086
"p",0.4074,0.5108,0.659,0.8046,0.5653,0.6197,35.4626251769204,4.27927576323988,35.4626251769204,4.27927576323988,10.178059918411,1.70528431085311,0.179165946207432,0.478094812560829
"p",0.8651,0.8519,0.9638,0.9577,0.9634,0.9658,7.06237726979623,1.17122093457944,-7.06237726979623,-1.17122093457944,1.6391521456282,0.674604145122334,-0.209251044891643,0.401825185518803
"p",0.7008,0.1266,0.0474,0.0361,0.0579,0.1394,14.9444052681514,9.08700320872275,-14.9444052681514,-9.08700320872275,117.796462043029,8.91938865870834,-0.386121743421055,0.0951712644480925
"p",0.2748,0.6072,0.7607,0.2266,0.3393,0.2354,43.6232287647375,3.12154604361371,43.6232287647375,3.12154604361371,5.87810999921025,5.13190579561934,0.189920998452014,0.421585787111589
"p",0.4147,0.8902,0.8632,0.6875,0.5718,0.5724,34.3234653086877,0.894091993769471,-34.3234653086877,-0.894091993769471,3.86610549034526,2.21431018225321,-0.148955065789475,0.552309388940261
"p",0.1187,0.041,0.0394,0.0991,0.1535,0.0891,62.6826966902679,12.5866786292835,62.6826966902679,12.5866786292835,139.268491344033,7.11144798799796,0.473546073916412,0.0492389814183232
"p",0.8644,0.8566,0.8388,0.9761,0.9621,0.9719,6.95420421119646,1.12336591900312,-6.95420421119646,1.12336591900312,4.10754453149499,0.459977822221096,0.0563260603715172,0.81504451954096
"p",0.4727,0.5168,0.6185,0.694,0.6394,0.6218,29.5265104158289,4.08082246105919,-29.5265104158289,-4.08082246105919,11.5833571822303,2.10939352487368,-0.243207716718268,0.325784750358829
"p",0.5824,0.1023,0.0483,0.2734,0.4018,0.4111,24.663147933031,10.9636732398754,-24.663147933031,-10.9636732398754,152.786760142289,5.82145834205506,-0.478702989551087,0.0695134655700112
