"","pLW","pLU","pQU","pQH","pMin","pFisher","SW","SL","SWwin","SLwin","SC","SQ","CMCBeta","pBeta"
"p",0.7148,0.7456,0.8392,0.7604,0.8762,0.8179,15.2144404978239,0.925607788161994,15.2144404978239,0.925607788161994,2.41554322298613,2.34134401603839,0.163852587301587,0.683949055964731
"p",0.3061,0.3046,0.7744,0.8462,0.4482,0.5434,42.9900293595812,2.91738137071651,-42.9900293595812,-2.91738137071651,3.02033015890626,1.81802587908339,-0.330531206349207,0.417064791553139
"p",0.5899,0.6933,0.8685,0.7902,0.7675,0.7586,23.2033467853447,1.16167096573209,23.2033467853447,1.16167096573209,2.23806148082523,2.19359578589405,0.19017407936508,0.642791910306708
"p",0.5593,0.4606,0.6537,0.772,0.74,0.7285,24.8381381005037,2.15262672897196,-24.8381381005037,-2.15262672897196,4.21914307755287,2.43040190459954,-0.208693682539683,0.613112324942582
"p",0.3662,0.441,0.6024,0.436,0.5251,0.4147,40.1920731289855,2.31454806853583,40.1920731289855,2.31454806853583,4.93206911581586,4.93102858501207,0.324661253968254,0.437341781701715
"p",0.562,0.5948,0.3279,0.4541,0.6264,0.5447,24.8232170719461,1.54412476635514,-24.8232170719461,-1.54412476635514,7.28141388252671,4.26759213887008,-0.162922873015872,0.681098337517193
"p",0.7479,0.761,0.8369,0.7869,0.8987,0.852,13.7819228119237,0.885708504672897,-13.7819228119237,-0.885708504672897,2.79136261054147,2.48637680213953,-0.147010746031746,0.719390409790269
"p",0.5712,0.7594,0.4575,0.3494,0.5023,0.4713,24.3489451868339,0.88138507788162,24.3489451868339,0.88138507788162,6.01573208953184,5.33788469135891,0.264986603174603,0.512038533974729
"p",0.5962,0.5785,0.8074,0.9007,0.7728,0.8099,23.3970254412046,1.68116352024922,23.3970254412046,1.68116352024922,2.96205394537842,1.57800443971583,0.302015412698414,0.471178408485696
"p",0.7333,0.6784,0.4393,0.5098,0.6844,0.6689,14.2299658790135,1.20956641744548,-14.2299658790135,-1.20956641744548,5.8400379041024,3.82578546451939,-0.176584174603175,0.650134771190088
"p",0.865,0.7678,0.6789,0.6362,0.8113,0.823,7.71568315353277,0.891420373831776,-7.71568315353277,-0.891420373831776,4.1187117283575,3.40117497225383,-0.0638251904761901,0.879665759941672
"p",0.7403,0.9711,0.5715,0.5924,0.7678,0.7304,14.1919214488519,0.107691090342679,-14.1919214488519,-0.107691090342679,5.19584818883734,3.73343883710056,-0.172217507936508,0.681444066149226
"p",0.6309,0.5799,0.919,0.9449,0.8076,0.8549,21.3131853684907,1.67409417445483,-21.3131853684907,-1.67409417445483,1.82886590145071,1.10970626040563,-0.0984811269841266,0.812401370517401
"p",0.7807,0.6413,0.3318,0.2884,0.4216,0.5054,11.7852278462793,1.36754691588785,-11.7852278462793,-1.36754691588785,7.36427083195993,5.89092285714891,-0.123720666666667,0.762266989300204
"p",0.4143,0.6247,0.2418,0.2521,0.3765,0.3208,35.8047094792964,1.47002672897196,35.8047094792964,1.47002672897196,9.30636709250053,6.56441298728702,0.38207953968254,0.354425088116286
"p",0.9583,0.9229,0.1488,0.0685,0.1116,0.2415,2.09229393156593,0.288323738317757,2.09229393156593,-0.288323738317757,11.065677842991,10.4080952502702,0.016019126984127,0.968191806337956
"p",0.1336,0.1356,0.1435,0.1081,0.1723,0.0977,65.1083012996678,4.45816937694704,-65.1083012996678,-4.45816937694704,12.0835743904658,9.53471600958849,-0.572042047619048,0.168190955511803
"p",0.7033,0.5963,0.0778,0.132,0.2083,0.303,15.8448470458533,1.48796975077882,-15.8448470458533,-1.48796975077882,13.1978429473775,7.84133680465123,-0.18761026984127,0.633439595524353
"p",0.2675,0.3693,0.3769,0.3975,0.3971,0.3252,48.4119113144223,2.70569152647975,-48.4119113144223,-2.70569152647975,7.20794655583199,5.12861619349436,-0.562742095238096,0.170120783241568
"p",0.7523,0.7474,0.5575,0.4549,0.6276,0.6417,14.1821346663298,1.00359171339564,-14.1821346663298,-1.00359171339564,5.43577847448208,4.93609196627608,-0.239035095238095,0.571921692753097
"p",0.7211,0.7591,0.8427,0.7954,0.873,0.8361,16.203204314314,0.946359626168225,16.203204314314,0.946359626168225,2.62418828715376,2.34928873132341,0.0704394285714288,0.867160990344821
"p",0.2108,0.1049,0.0173,0.0424,0.0707,0.0732,53.9959951629198,4.79944894080997,53.9959951629198,4.79944894080997,20.5311328134591,11.172883654198,0.342961777777777,0.399560012096974
"p",0.0768,0.0463,0.0208,0.0421,0.0709,0.0408,75.0290498055103,5.75096763239875,-75.0290498055103,-5.75096763239875,19.6087103039383,11.0689058444847,-0.594771650793651,0.136344252389526
"p",0.9562,0.9382,0.812,0.7667,0.9088,0.9311,2.42079466777322,0.235280373831776,2.42079466777322,-0.235280373831776,2.86741499624161,2.45973466296806,-0.105859206349207,0.796328588512973
"p",0.3416,0.3688,0.7218,0.6628,0.4992,0.5116,40.0632862298682,2.57450654205608,40.0632862298682,2.57450654205608,3.51224743479652,3.00459739810246,0.515311253968254,0.196366207773822
"p",0.4497,0.3652,0.0456,0.0524,0.0865,0.1344,31.1033484438857,2.51620109034268,-31.1033484438857,-2.51620109034268,15.3043747003168,10.5496607206501,-0.175656793650794,0.649721211007215
"p",0.907,0.562,0.046,0.0565,0.0948,0.2124,5.30596522930169,1.75636710280374,5.30596522930169,1.75636710280374,17.4689852866177,11.2561476369898,0.0273377142857143,0.948394089172621
"p",0.1745,0.2118,0.6315,0.6643,0.2751,0.3469,60.0249020515823,3.78575230529595,-60.0249020515823,-3.78575230529595,4.76320116762514,3.37077654071327,-0.561987142857143,0.188466653546555
"p",0.5891,0.7475,0.8655,0.8372,0.7683,0.7811,24.3059570704631,0.987064267912772,-24.3059570704631,-0.987064267912772,2.65037825846983,2.20488795459788,-0.322334603174603,0.447156820348232
"p",0.3384,0.3158,0.1144,0.0537,0.0875,0.1117,42.0515258892906,2.99940856697819,-42.0515258892906,-2.99940856697819,13.1570153512087,11.6887912421936,-0.366015492063492,0.378908221143814
"p",0.9187,0.9038,0.8332,0.7471,0.8971,0.9077,4.86219462824054,0.400938504672897,-4.86219462824054,-0.400938504672897,2.64515908836484,2.57401591413916,-0.22791973015873,0.58993167833337
"p",0.1129,0.1802,0.3342,0.238,0.1793,0.1424,68.6937600578752,3.92286890965732,68.6937600578752,3.92286890965732,7.49597153647908,6.58438618594927,0.626787158730159,0.123904093510356
"p",0.9406,0.9086,0.9928,0.9927,0.991,0.9937,3.3114843171709,0.355071121495327,-3.3114843171709,-0.355071121495327,0.557815322323094,0.437560339970786,-0.081642619047619,0.844142695042058
"p",0.9828,0.9095,0.9115,0.9258,0.9866,0.9889,0.891106298122113,0.34468214953271,-0.891106298122113,0.34468214953271,1.74075204642038,1.20413586464556,-0.11022473015873,0.792129638416229
"p",0.4557,0.3354,0.326,0.5095,0.6343,0.5186,33.2659511756655,2.93432672897196,-33.2659511756655,-2.93432672897196,8.36998861154352,4.49444002045553,-0.397434888888889,0.34914724772244
"p",0.6936,0.6557,0.6913,0.6202,0.7916,0.7225,16.9104999025255,1.31605442367601,16.9104999025255,1.31605442367601,3.90864430482893,3.38182172757778,0.000263412698412102,0.999494428260336
"p",0.0507,0.0457,0.2286,0.3536,0.0817,0.11,86.7852656245193,6.03708551401869,86.7852656245193,6.03708551401869,10.2048958991293,5.94983953929981,0.754610174603175,0.0746878498970602
"p",0.3292,0.5156,0.4335,0.3379,0.4774,0.3353,42.4467703871293,1.95334560747664,42.4467703871293,1.95334560747664,6.5316451935736,5.72829429881053,0.630411333333332,0.130578375976205
"p",0.8694,0.6973,0.4494,0.5021,0.6801,0.7323,6.93435396285468,1.09523866043614,6.93435396285468,1.09523866043614,5.47440474535005,3.73283037168272,-0.00210768253968297,0.995682317039447
"p",0.0076,0.0068,0.0283,0.06,0.0133,0.0138,114.991056107006,8.11471230529595,-114.991056107006,-8.11471230529595,19.5550316314008,10.8719624140875,-1.14102698412698,0.00526134550308306
"p",0.6319,0.6635,0.2223,0.1172,0.1866,0.2603,22.6393101882035,1.39868710280374,22.6393101882035,1.39868710280374,10.6230193816439,9.80430639745537,0.302263174603175,0.483745192005248
"p",0.7505,0.7932,0.903,0.8588,0.8983,0.8843,12.9746922755943,0.742168753894081,-12.9746922755943,-0.742168753894081,1.69130934288114,1.54968402217612,-0.152255238095238,0.695815877437341
"p",0.3672,0.4452,0.679,0.5306,0.5287,0.4617,38.225599163394,2.22821582554517,38.225599163394,2.22821582554517,3.95710469117999,3.89785486486216,0.461016777777777,0.248603832635534
"p",0.961,0.9325,0.6305,0.5294,0.707,0.7901,2.08108479885454,0.245219408099689,2.08108479885454,-0.245219408099689,4.04879644230637,3.64819370606395,0.0384407460317459,0.922495971159975
"p",0.7723,0.9103,0.8033,0.7649,0.9131,0.8576,12.2537701301473,0.311717819314642,12.2537701301473,0.311717819314642,2.76796977331259,2.3327725819084,0.145495904761905,0.714519630279594
"p",0.9626,0.9731,0.7543,0.7806,0.9197,0.9384,2.1270790256887,0.105305856697819,-2.1270790256887,0.105305856697819,3.26973598508516,2.26519924388627,-0.236866333333333,0.572220809769266
"p",0.3007,0.2177,0.2131,0.3998,0.4391,0.3489,43.5503898908729,3.53491507788162,43.5503898908729,3.53491507788162,9.12277570330723,4.63930225632059,0.376640253968254,0.338375189340369
"p",0.6208,0.5229,0.7719,0.8633,0.7986,0.814,21.4258213177276,1.88690264797508,-21.4258213177276,-1.88690264797508,3.24913001292968,1.84335176323483,-0.288687841269841,0.470874694117484
"p",0.8402,0.8293,0.8467,0.7677,0.9096,0.8834,8.80308616577593,0.65339707165109,-8.80308616577593,-0.65339707165109,2.79893709811288,2.67061059490762,0.0508467777777779,0.90544720187377
"p",0.2354,0.141,0.0747,0.1787,0.2722,0.1894,50.6371382523588,4.29576236760125,-50.6371382523588,-4.29576236760125,14.4516682390252,7.39446494107352,-0.527176,0.188940229071556
"p",0.147,0.1705,0.3485,0.2614,0.2308,0.1738,62.2573884086607,3.98384109034268,62.2573884086607,3.98384109034268,7.23004217726195,6.28886022800103,0.560452571428571,0.166358300333752
"p",0.1497,0.0666,0.0106,0.0335,0.0568,0.0524,60.3908658509772,5.23015292834891,-60.3908658509772,-5.23015292834891,21.8496116273824,11.3840870864929,-0.570426888888889,0.150666095690783
"p",0.0552,0.0501,0.0857,0.1499,0.0929,0.0706,82.4546424646242,5.78628735202492,82.4546424646242,5.78628735202492,14.0829218745069,8.27698901293348,0.756963714285715,0.070735726270674
"p",0.5608,0.467,0.5911,0.656,0.7431,0.6661,24.0954958306334,2.04443224299065,-24.0954958306334,-2.04443224299065,4.42328953747462,2.92355955711531,-0.185247412698413,0.633405971207742
"p",0.8027,0.6308,0.3946,0.4346,0.6026,0.6454,11.0508605770372,1.3928069470405,11.0508605770372,1.3928069470405,6.53035257708963,4.45991564496267,0.100063238095238,0.806577927809907
"p",0.3656,0.4326,0.8064,0.8047,0.5314,0.5995,38.770076860815,2.29963283489097,38.770076860815,2.29963283489097,2.95336014177782,2.2438339281483,0.291692603174603,0.475680801715569
"p",0.2685,0.2198,0.4933,0.6808,0.3984,0.4463,47.976166647207,3.64101647975078,-47.976166647207,-3.64101647975078,5.6471358404482,2.91221819376013,-0.229647206349206,0.575145956343184
"p",0.1077,0.0659,0.0604,0.1513,0.1703,0.1061,72.0435218655566,5.63759520249221,-72.0435218655566,-5.63759520249221,16.4690697205179,8.57332848399706,-0.530055222222223,0.205730179936261
"p",0.8579,0.8809,0.0312,0.0173,0.0301,0.1031,7.74189907916624,0.439426074766355,7.74189907916624,-0.439426074766355,19.3675827194698,14.4067348333141,0.221217126984127,0.59688513893693
"p",0.0501,0.0377,0.0324,0.0246,0.0425,0.0229,80.4324934686024,5.77512728971963,80.4324934686024,5.77512728971963,15.3772609353972,10.4014731014484,0.620943412698413,0.109232092740228
"p",0.8186,0.6843,0.3788,0.3879,0.5523,0.6189,10.1531345348046,1.22498105919003,10.1531345348046,1.22498105919003,7.35940187995034,5.3365739627124,0.35513,0.395481025031388
"p",0.7861,0.8822,0.8319,0.8433,0.9217,0.8938,12.0845809274911,0.441155638629284,12.0845809274911,0.441155638629284,2.64601081008464,1.91463763090384,0.120578174603175,0.767735304276176
"p",0.6646,0.638,0.8525,0.8146,0.8336,0.814,18.109339966012,1.32111878504673,18.109339966012,1.32111878504673,2.24957102906545,1.94036682945419,0.132864222222222,0.741152876194433
"p",0.3957,0.3507,0.2892,0.2334,0.3545,0.2985,34.3964406072369,2.60302738317757,-34.3964406072369,-2.60302738317757,7.46702472741556,6.10765461342098,-0.336672571428571,0.387093128809224
"p",0.2376,0.216,0.2291,0.1777,0.2722,0.189,50.3912948055752,3.56934246105919,-50.3912948055752,-3.56934246105919,8.92545676004223,7.21121926641463,-0.393005777777778,0.32853089214902
"p",0.0586,0.0444,0.1113,0.2323,0.0954,0.0936,85.292768283607,6.20309520249221,-85.292768283607,-6.20309520249221,13.7906436117628,7.35406052459131,-0.821349984126984,0.0550588733412164
"p",0.3148,0.2694,0.4948,0.5813,0.4633,0.4499,44.660069778687,3.34292043613707,44.660069778687,3.34292043613707,6.08255918252715,3.94565155691241,0.448428571428572,0.278635541181146
"p",0.5676,0.5885,0.23,0.2177,0.3329,0.3578,25.3127558922893,1.63589031152648,-25.3127558922893,-1.63589031152648,9.92437099538383,7.33575644711255,-0.313602730158728,0.451445804439674
"p",0.365,0.5541,0.4836,0.367,0.5204,0.3709,38.0807806558618,1.70517012461059,38.0807806558618,1.70517012461059,5.44904953834678,4.94787194028052,0.214586698412698,0.588304518798975
"p",0.9706,0.9654,0.917,0.9115,0.9799,0.9814,1.27163853917291,0.127330218068536,1.27163853917291,-0.127330218068536,1.62243764615422,1.23585707538482,0.0839542063492061,0.838751283181302
"p",0.9395,0.8995,0.3813,0.2904,0.4277,0.5675,3.29001360474165,0.36789722741433,3.29001360474165,-0.36789722741433,6.57472468943236,5.7001532329074,0.0794832063492068,0.842822408338494
"p",0.7733,0.6351,0.4139,0.5076,0.687,0.6935,12.1820565463495,1.36977582554517,-12.1820565463495,-1.36977582554517,6.26214159072579,3.92463283766262,-0.145297142857142,0.719751864960111
"p",0.9912,0.909,0.9322,0.946,0.9921,0.9937,0.504761427817037,0.357018037383178,-0.504761427817037,-0.357018037383178,1.7382755977504,1.16041895934041,-0.0380560476190472,0.926868028425725
"p",0.5234,0.6152,0.8657,0.8261,0.705,0.7278,29.6789261517959,1.58378127725857,29.6789261517959,1.58378127725857,2.79299621835446,2.43242203394139,0.139287253968254,0.745031750859754
"p",0.0299,0.0543,0.1181,0.0506,0.0512,0.0262,97.1974413151627,5.88523598130841,97.1974413151627,5.88523598130841,13.6336562424719,12.1950261914337,0.962409095238096,0.0251522073473739
"p",0.6426,0.6339,0.9689,0.968,0.8198,0.872,20.8604738587303,1.42978816199377,-20.8604738587303,-1.42978816199377,1.39626522304936,1.06347541084894,-0.11629926984127,0.785795209474
"p",0.6805,0.8173,0.7527,0.7891,0.8479,0.8124,18.1122361240778,0.694124267912773,-18.1122361240778,-0.694124267912773,3.59029092958011,2.46895470805065,-0.204714428571429,0.62408205178222
"p",0.929,0.8772,0.8643,0.8515,0.9593,0.9551,4.14141092662252,0.473286604361371,4.14141092662252,0.473286604361371,2.36024988401621,1.867150470095,0.0373723492063501,0.929064804003101
"p",0.8527,0.67,0.413,0.4265,0.6047,0.6669,7.97956933700839,1.26089302180685,-7.97956933700839,-1.26089302180685,6.93029527389567,4.99019604161325,-0.172296158730159,0.678146311077716
"p",0.8231,0.6148,0.2176,0.2324,0.3454,0.4566,9.13586015803541,1.43456523364486,-9.13586015803541,-1.43456523364486,9.59022046981175,6.72873279072407,-0.153291,0.70621421135525
"p",0.5399,0.4028,0.4075,0.5694,0.7227,0.6072,26.6712064127146,2.4746753271028,-26.6712064127146,-2.4746753271028,6.67727472651942,3.7284697784311,-0.118229952380953,0.772132837561338
"p",0.4093,0.2464,0.0335,0.0732,0.1226,0.1525,36.9210174678639,3.54658582554517,36.9210174678639,3.54658582554517,18.9594174410974,10.3965831944115,0.293329095238095,0.485048168081342
"p",0.8121,0.9882,0.6911,0.7285,0.8798,0.8467,9.85901092207014,0.0420667289719623,-9.85901092207014,-0.0420667289719623,3.43177894681268,2.37836984070997,-0.146879952380952,0.709172829900039
"p",0.2015,0.2573,0.7102,0.6006,0.3111,0.3525,57.5442250351982,3.50090102803738,-57.5442250351982,-3.50090102803738,4.14769929027706,3.87834100598729,-0.41773203174603,0.318712131257951
"p",0.5152,0.5745,0.8467,0.7561,0.6977,0.6944,30.4152684452084,1.76847560747664,30.4152684452084,1.76847560747664,2.87643213007734,2.81971779250414,0.387985,0.371875606314033
"p",0.8135,0.6657,0.5179,0.5634,0.7431,0.752,10.6620210150552,1.32629158878505,10.6620210150552,1.32629158878505,5.88312922862706,4.06102156624827,0.0152701746031745,0.97119333923921
"p",0.209,0.1952,0.3202,0.346,0.3157,0.2564,55.6790091135984,3.93151666666667,-55.6790091135984,-3.93151666666667,8.02924732825555,5.57084879778328,-0.702317428571428,0.0906069693620763
"p",0.8715,0.6934,0.5367,0.6154,0.7945,0.8141,7.0132414483166,1.14489177570094,-7.0132414483166,-1.14489177570094,5.10921994437132,3.33101795811761,0.124159047619047,0.759232696814017
"p",0.612,0.8495,0.1423,0.0758,0.1238,0.2016,21.5305778212183,0.555482523364486,21.5305778212183,0.555482523364486,11.3370627706788,10.0060446054983,0.368459841269841,0.36850315299833
"p",0.6342,0.5234,0.6123,0.7647,0.8085,0.7726,20.7658289486048,1.90734996884735,-20.7658289486048,-1.90734996884735,4.70392579202072,2.53672967771884,-0.198272936507937,0.629134416649142
"p",0.9032,0.9156,0.7324,0.6558,0.8275,0.8511,5.71248864447297,0.31710199376947,-5.71248864447297,-0.31710199376947,3.96896076713541,3.5606855295091,-0.156969047619048,0.721255845648448
"p",0.2353,0.2453,0.5063,0.4478,0.3571,0.3256,49.5451365804942,3.32913320872274,-49.5451365804942,-3.32913320872274,5.22023009299258,4.27786517600467,-0.505329682539682,0.201720779977689
"p",0.8698,0.9231,0.6095,0.4795,0.6512,0.7126,7.7708302637717,0.29928968847352,7.7708302637717,0.29928968847352,5.10460541790844,4.84944171085054,0.0697358095238094,0.871926847202539
"p",0.6984,0.615,0.3935,0.3231,0.4742,0.5101,15.6249771080145,1.36203819314642,15.6249771080145,1.36203819314642,5.8527470331728,4.83986062163365,0.125827126984127,0.739175415084773
"p",0.6585,0.4665,0.1606,0.2371,0.362,0.4124,20.1387532238244,2.24382442367601,20.1387532238244,2.24382442367601,11.6357803228847,7.10480894648542,0.134438015873016,0.751673900576503
"p",0.8742,0.844,0.4351,0.3847,0.5523,0.639,7.34320384007633,0.623731090342679,7.34320384007633,0.623731090342679,6.7844990464336,5.4982055616465,0.00839711111111115,0.984234448191862
"p",0.8522,0.9003,0.8091,0.7475,0.8928,0.8718,8.30964597469927,0.379614080996885,-8.30964597469927,-0.379614080996885,2.86615316663726,2.56352022839873,-0.117339317460318,0.78363204657841
"p",0.5344,0.5551,0.8115,0.8074,0.7138,0.7268,27.9300950005972,1.81554934579439,27.9300950005972,1.81554934579439,2.98625764998421,2.27977827764446,0.0546921904761904,0.898741568616851
"p",0.0597,0.0505,0.0773,0.1183,0.0981,0.063,82.4339241288642,5.83047056074766,-82.4339241288642,-5.83047056074766,14.589681064531,9.04479067611722,-0.786955238095238,0.0602480546144806
"p",0.4007,0.255,0.0245,0.0231,0.0406,0.0785,38.6955311183137,3.60334785046729,-38.6955311183137,-3.60334785046729,20.8389808300606,13.5573272124558,-0.346394111111112,0.422190663663049
"p",0.7422,0.6435,0.4592,0.4349,0.6035,0.6224,13.8360866810062,1.32580669781931,-13.8360866810062,-1.32580669781931,5.73035471356309,4.3485492124917,-0.0497768412698412,0.89920922484532
"p",0.4465,0.3792,0.6241,0.7172,0.6127,0.6157,32.9954409540108,2.59972137071651,-32.9954409540108,-2.59972137071651,4.30942791339162,2.62004398412195,-0.164417952380953,0.688904832958457
"p",0.7704,0.8254,0.8658,0.8769,0.9096,0.8973,13.1088136215873,0.682689563862928,13.1088136215873,0.682689563862928,2.44927835645705,1.75586391437954,0.158258031746032,0.705105385343539
"p",0.2819,0.2786,0.5401,0.5757,0.4213,0.423,48.539554658646,3.33532785046729,48.539554658646,3.33532785046729,5.90685177757084,4.11405750508601,0.490949412698413,0.255033378780962
"p",0.2821,0.1518,0.0217,0.0324,0.0541,0.0747,46.3275778645417,4.19931476635514,-46.3275778645417,-4.19931476635514,19.9815582034996,12.2530440153067,-0.510035968253968,0.214791894048705
"p",0.1378,0.1041,0.1069,0.1627,0.2165,0.1306,62.1056635656057,4.67008956386293,-62.1056635656057,-4.67008956386293,11.8467896559997,7.28888643389526,-0.53904215873016,0.169226401634152
"p",0.1885,0.1352,0.1209,0.1894,0.2929,0.1706,56.2733670028223,4.37931031152648,56.2733670028223,4.37931031152648,12.1372451898654,7.28092871089045,0.426319587301588,0.295516416285137
"p",0.2005,0.1926,0.6429,0.752,0.3087,0.4025,53.6208250475804,3.72977246105919,53.6208250475804,3.72977246105919,4.18782899665251,2.47931138776192,0.449829571428571,0.258113462801071
"p",0.4628,0.6375,0.6477,0.5772,0.6401,0.5614,30.9671352037905,1.36606445482866,30.9671352037905,1.36606445482866,4.12368755778768,3.54923229706598,0.390281571428571,0.327838889511871
"p",0.6825,0.4638,0.0433,0.032,0.0539,0.1266,18.2309866808582,2.26001323987539,18.2309866808582,2.26001323987539,17.4297659285492,12.3916194075711,0.257395158730158,0.54463967511924
"p",0.9493,0.9909,0.7933,0.6876,0.8511,0.8864,2.61376024694854,0.0262316510903424,-2.61376024694854,-0.0262316510903424,2.94051883112309,2.90774106761556,-0.19582965079365,0.638178786386469
"p",0.3186,0.3188,0.4822,0.4027,0.466,0.3641,46.3285448499175,3.15328654205607,-46.3285448499175,-3.15328654205607,7.02347764523765,6.00247579290681,-0.545182936507937,0.220123107292991
"p",0.2095,0.2028,0.6408,0.7263,0.3198,0.4053,54.3528737574156,3.73776573208723,-54.3528737574156,-3.73776573208723,4.29129291111874,2.65129668351249,-0.331753,0.414972738341809
"p",0.6134,0.3985,0.1262,0.225,0.3442,0.3808,21.8467467479765,2.49836473520249,-21.8467467479765,-2.49836473520249,11.7193649452405,6.61814228416868,-0.17634226984127,0.665029081643577
"p",0.7144,0.7308,0.8588,0.7806,0.8797,0.8364,16.841504381506,1.08607971962617,-16.841504381506,-1.08607971962617,2.77723002935215,2.6958621570335,-0.341101158730159,0.421435856022692
"p",0.6224,0.4274,0.0847,0.0813,0.1325,0.2123,21.7717824988473,2.38511872274143,-21.7717824988473,-2.38511872274143,13.9645356781887,9.96812070862126,-0.26561773015873,0.52164925817011
"p",0.9509,0.9808,0.7576,0.7532,0.9038,0.9234,2.82632126544791,0.0695349532710278,-2.82632126544791,0.0695349532710278,3.64893052000503,2.76790191704333,-0.0969407936507936,0.818572946393397
"p",0.461,0.425,0.4044,0.3252,0.4678,0.4,32.6808885700639,2.40656526479751,-32.6808885700639,-2.40656526479751,6.95124945533673,5.96495925434303,-0.262780634920635,0.535714700164538
"p",0.6453,0.6176,0.929,0.9352,0.8168,0.8566,21.3912632504071,1.59021526479751,-21.3912632504071,-1.59021526479751,1.86343376301991,1.31990373699608,-0.179872619047619,0.679207550563865
"p",0.5232,0.482,0.1712,0.144,0.2264,0.2625,26.275928030891,1.99578657320872,26.275928030891,1.99578657320872,9.97302263355543,7.74843256950178,0.246059952380952,0.535973049297505
"p",0.6359,0.7399,0.8379,0.7845,0.8172,0.7879,21.4419133855869,1.02871647975078,21.4419133855869,1.02871647975078,2.8851214545616,2.55989011617285,0.0612122222222226,0.885275210510248
"p",0.1841,0.2088,0.4038,0.3405,0.2858,0.2337,58.9126521347587,3.81879579439252,58.9126521347587,3.81879579439252,7.07280260967732,5.84166125284014,0.562062380952382,0.177683476585207
"p",0.2573,0.3418,0.4633,0.4119,0.3853,0.324,50.6647674017138,2.87058218068536,-50.6647674017138,-2.87058218068536,6.34132010902225,5.15523267577456,-0.543976428571429,0.191433208271964
"p",0.9098,0.9701,0.866,0.7981,0.9283,0.9278,4.9423751905106,0.106435482866044,-4.9423751905106,-0.106435482866044,2.46034223296098,2.34268876883881,-0.0333607777777774,0.93583795753863
"p",0.0084,0.0039,0.0039,0.0078,0.0134,0.0044,113.066884785278,8.32079554517134,-113.066884785278,-8.32079554517134,27.6051753945029,15.5053063419526,-1.00318282539683,0.0136481835549221
"p",0.7478,0.8186,0.8463,0.8251,0.8995,0.8665,14.8113960986907,0.711359034267913,14.8113960986907,0.711359034267913,2.70760919820809,2.22433452512746,0.143253206349206,0.733278889041945
"p",0.9473,0.9246,0.6006,0.6125,0.785,0.8417,2.82972732290652,0.288224890965732,-2.82972732290652,0.288224890965732,4.53854086288731,3.29007448310436,-0.00137063492063488,0.997399962148137
"p",0.7303,0.6027,0.1389,0.0893,0.143,0.2373,15.6839115146731,1.58054423676012,-15.6839115146731,-1.58054423676012,12.3088019115856,10.168045990353,-0.199780777777778,0.634355919393394
"p",0.8362,0.9323,0.6194,0.5433,0.7205,0.7483,8.98012617218948,0.262713582554517,-8.98012617218948,-0.262713582554517,4.71800107813293,4.11649551938569,-0.00938352380952356,0.982374727975572
"p",0.77,0.8541,0.4931,0.3526,0.5094,0.5637,12.0520755550018,0.517041962616822,-12.0520755550018,-0.517041962616822,5.34911422544012,4.9888635602889,-0.0800532698412699,0.839798646909744
"p",0.4472,0.4587,0.8354,0.8608,0.6181,0.6827,32.098813705108,2.13599199376947,-32.098813705108,-2.13599199376947,2.5066280767974,1.75378240659331,-0.321251412698412,0.42007204451116
"p",0.4305,0.3541,0.2603,0.3678,0.5176,0.406,35.1797628195972,2.79709221183801,-35.1797628195972,-2.79709221183801,9.18707787565342,5.41995847871281,-0.457328269841271,0.287741410713539
"p",0.1318,0.1531,0.2844,0.3081,0.2094,0.1842,69.0679127159037,4.47193137071651,-69.0679127159037,-4.47193137071651,9.24039650763243,6.52949301284358,-0.539763761904762,0.208730636314181
"p",0.7559,0.9213,0.3715,0.2787,0.41,0.4871,13.8344244284162,0.302740467289719,13.8344244284162,0.302740467289719,7.15892233367226,6.26666018801101,0.0414292063492068,0.921195042130544
"p",0.3621,0.2107,0.0467,0.1,0.1608,0.171,39.7540700935,3.70815853582554,-39.7540700935,-3.70815853582554,16.808592362165,9.46264203903561,-0.373169444444445,0.367585352023343
"p",0.9296,0.8818,0.3704,0.2205,0.3387,0.4782,3.99347094868237,0.477498006230529,-3.99347094868237,-0.477498006230529,7.50680155737778,7.11787734077222,-0.117805253968254,0.778116692964202
"p",0.9234,0.7163,0.3826,0.4334,0.6037,0.6963,4.21342848156206,1.07551965732087,-4.21342848156206,-1.07551965732087,7.0432991746987,4.77377386287032,0.0268051269841267,0.949053604022289
"p",0.3068,0.2901,0.3956,0.3498,0.4545,0.3214,44.1116670093296,3.11503791277259,-44.1116670093296,-3.11503791277259,6.78498425550357,5.41989292182988,-0.275569825396825,0.498097214096733
"p",0.5018,0.4267,0.7151,0.8523,0.6815,0.7247,30.5846648168763,2.46347295950156,-30.5846648168763,-2.46347295950156,4.180347936409,2.16883990750672,-0.383319317460319,0.37513852285657
"p",0.5701,0.4681,0.4356,0.4462,0.6181,0.5419,23.1267067237253,2.02883115264797,-23.1267067237253,-2.02883115264797,5.73117789747833,4.12875785273641,-0.0956678730158729,0.80882610982402
"p",0.899,0.8445,0.9285,0.931,0.9802,0.9731,5.053013334023,0.552739781931464,-5.053013334023,-0.552739781931464,1.70089877206294,1.29946792149477,-0.127710412698413,0.744618041525048
"p",0.691,0.5518,0.2516,0.3054,0.4423,0.4827,16.8935743724792,1.74977096573209,-16.8935743724792,-1.74977096573209,9.16013662062336,5.95606973343126,-0.208459190476191,0.61660728248505
"p",0.2897,0.2262,0.1628,0.261,0.3896,0.2648,48.2257275755169,3.76604080996885,-48.2257275755169,-3.76604080996885,12.0643835262883,7.09382090693339,-0.502275587301587,0.241424783895887
"p",0.9715,0.786,0.0778,0.06,0.099,0.2289,1.71678715694419,0.817307881619938,1.71678715694419,-0.817307881619938,14.864377011345,11.0427950750514,-0.118003222222222,0.780009520570322
"p",0.8199,0.712,0.8688,0.9179,0.946,0.9424,10.1001817769655,1.09071912772586,-10.1001817769655,-1.09071912772586,2.47344542051107,1.51757143860747,-0.0177839523809527,0.96629347153824
"p",0.6573,0.5317,0.4506,0.5408,0.726,0.6593,20.014263122132,1.92114523364486,20.014263122132,1.92114523364486,6.66661939204914,4.26073689438829,0.268389031746032,0.526320507885484
"p",0.4254,0.5027,0.3586,0.3353,0.4829,0.3873,33.3749807976625,1.92328517133956,33.3749807976625,1.92328517133956,7.05042919217958,5.3948703915101,0.274801015873016,0.494722490513109
"p",0.554,0.5688,0.7499,0.6835,0.7321,0.6783,25.7435592558969,1.65433722741433,25.7435592558969,1.65433722741433,3.3978351776822,2.99542835607379,0.277640333333333,0.497064740081612
"p",0.2362,0.2051,0.4993,0.612,0.356,0.389,53.8894863529829,3.89372563862928,53.8894863529829,3.89372563862928,6.0619763107024,3.72332957476339,0.642164111111111,0.12920310241265
"p",0.3685,0.2718,0.2242,0.3211,0.4703,0.3426,38.5379693555271,3.19413607476636,-38.5379693555271,-3.19413607476636,9.12347018266888,5.50991343558169,-0.275035285714286,0.494097505143848
"p",0.3466,0.271,0.4783,0.6893,0.5028,0.526,39.4056237573335,3.17014884735203,-39.4056237573335,-3.17014884735203,5.68133661974624,2.90109049724691,-0.483833936507937,0.224205983380206
"p",0.8889,0.7719,0.5667,0.6701,0.8426,0.8555,6.4432592138314,0.915512523364486,6.4432592138314,0.915512523364486,5.58722484911902,3.43252742387316,0.0450599841269842,0.916049397911155
"p",0.6195,0.8291,0.5684,0.5522,0.7339,0.6456,21.0195085542219,0.637593426791277,-21.0195085542219,-0.637593426791277,4.68710769314982,3.61719045568767,-0.0904941111111117,0.817408614636205
"p",0.34,0.3706,0.9249,0.9177,0.4957,0.6099,40.2625290968752,2.5880762305296,40.2625290968752,2.5880762305296,1.72772535476422,1.38476185003036,0.411584777777777,0.309770460639119
"p",0.9328,0.8325,0.8375,0.8335,0.9477,0.948,3.56374472374116,0.582492056074766,-3.56374472374116,-0.582492056074766,2.53988747838956,1.94342548245517,-0.0421354920634918,0.91674968413972
"p",0.7798,0.7702,0.2064,0.0851,0.1372,0.2466,11.9942257695339,0.851009532710281,-11.9942257695339,-0.851009532710281,9.78146024753675,9.67542946267522,-0.176110285714286,0.663999773914144
"p",0.4706,0.4456,0.1443,0.1462,0.2334,0.2499,31.4834785996492,2.27248280373832,31.4834785996492,2.27248280373832,11.2966449478967,7.76385400365733,0.26267546031746,0.520601967931709
"p",0.8473,0.7771,0.829,0.7967,0.9311,0.9056,8.85250570091652,0.902254953271028,8.85250570091652,0.902254953271028,3.10770627962185,2.59021912521963,0.246597142857143,0.562017622094732
"p",0.5929,0.7794,0.4855,0.3838,0.5344,0.5082,23.3119594121682,0.848753987538941,23.3119594121682,0.848753987538941,5.82152371823416,5.23374102577545,0.311779412698412,0.458058493257177
"p",0.2426,0.2811,0.3087,0.1926,0.2965,0.1953,49.4613953720907,3.1031522741433,-49.4613953720907,-3.1031522741433,7.55647168215844,6.85725517786204,-0.49408653968254,0.213224031201371
"p",0.5896,0.595,0.8019,0.7491,0.7653,0.7375,23.1718242793018,1.54119971962617,-23.1718242793018,-1.54119971962617,2.7749485965671,2.41239856123529,0.0475143492063491,0.906089841315693
"p",0.8656,0.7701,0.1672,0.1151,0.1857,0.3155,6.90528142918394,0.820199065420561,6.90528142918394,0.820199065420561,9.85240447010025,8.04535605628007,0.0468527619047621,0.905175786054695
"p",0.6894,0.725,0.9301,0.9076,0.8539,0.8714,17.001791003495,1.02275168224299,17.001791003495,1.02275168224299,1.53373417417533,1.33146141633618,0.097453952380952,0.812252963595361
"p",0.3417,0.299,0.511,0.5536,0.4984,0.4591,40.922869233102,3.0627446728972,-40.922869233102,-3.0627446728972,5.72076981449699,3.93694802344824,-0.269332539682539,0.513316539052562
"p",0.5222,0.6249,0.707,0.6823,0.6975,0.6585,28.2415592159587,1.46344794392523,-28.2415592159587,-1.46344794392523,3.87754872010732,3.04319219285589,-0.16252153968254,0.701669013467389
"p",0.53,0.6143,0.5673,0.4784,0.6599,0.5469,28.1722300422246,1.55474380062305,-28.1722300422246,-1.55474380062305,5.32681394977766,4.60885904032839,-0.220667793650793,0.598316979245096
"p",0.1332,0.1346,0.5377,0.6168,0.2083,0.2792,63.8680906747863,4.33080716510903,-63.8680906747863,-4.33080716510903,4.9493151324071,3.18523523842489,-0.643630063492064,0.111473228184365
"p",0.5619,0.4806,0.4282,0.5484,0.7259,0.6082,24.4941659780876,2.05853956386293,24.4941659780876,2.05853956386293,6.05698759749973,3.59299159781122,0.21068973015873,0.595613259774531
"p",0.7716,0.8166,0.8031,0.7446,0.8988,0.8421,13.5681401072172,0.75401953271028,13.5681401072172,0.75401953271028,3.22177004798441,2.83066910327034,0.0308212698412699,0.940933628501425
"p",0.3864,0.3654,0.0706,0.0427,0.0714,0.108,37.5657020073234,2.67649707165109,37.5657020073234,2.67649707165109,15.2105166502412,12.0845597076685,0.458038428571429,0.270129282579165
"p",0.1965,0.2232,0.3858,0.2808,0.2985,0.2187,56.2152078657428,3.60304489096573,56.2152078657428,3.60304489096573,6.75313608111784,6.0086349095205,0.550351936507937,0.176203386714911
"p",0.7558,0.6533,0.4256,0.3516,0.5089,0.5593,13.2712437017427,1.32823202492212,-13.2712437017427,-1.32823202492212,6.56011530210609,5.51986388615604,-0.153884492063492,0.705713933090166
"p",0.7811,0.6178,0.4123,0.5082,0.6823,0.6942,12.3222598233471,1.4794645482866,-12.3222598233471,-1.4794645482866,7.02506031978019,4.38659929275982,-0.186602111111111,0.656694698296968
"p",0.5893,0.4988,0.5121,0.5901,0.7697,0.6469,23.7141553787692,2.02260205607477,23.7141553787692,2.02260205607477,5.5261675583662,3.6112613751335,0.082639238095238,0.8422222344482
"p",0.229,0.1304,0.0513,0.1129,0.1793,0.134,55.7097485335872,4.72792956386293,-55.7097485335872,-4.72792956386293,17.7130239178739,9.73387598325201,-0.570094238095238,0.188869239254658
"p",0.3531,0.3286,0.7137,0.8043,0.4961,0.5672,41.1682933626674,2.96798682242991,41.1682933626674,2.96798682242991,3.59602680468861,2.13419557601299,0.265299365079365,0.540281283513051
"p",0.6438,0.7141,0.7693,0.7589,0.8122,0.772,19.4368779720588,1.05007831775701,19.4368779720588,1.05007831775701,3.04855566971645,2.36856765162322,0.0944785714285711,0.819919898188625
"p",0.3414,0.3026,0.5439,0.6021,0.4883,0.4769,40.4768673743082,2.99366900311527,40.4768673743082,2.99366900311527,4.83195529306173,3.21369489467073,0.477852634920635,0.233852198602795
"p",0.195,0.1471,0.1511,0.3185,0.3018,0.2353,59.8412093129327,4.54339433021807,-59.8412093129327,-4.54339433021807,12.4153282487194,6.42923422797302,-0.558686936507937,0.196078767158478
"p",0.0958,0.0969,0.3565,0.4304,0.1494,0.1858,69.6801224543651,4.7313315576324,69.6801224543651,4.7313315576324,6.6648580454088,4.2256288586352,0.604991571428571,0.127968401039739
"p",0.664,0.7735,0.4039,0.2548,0.384,0.4275,18.9854325411406,0.867262056074766,18.9854325411406,0.867262056074766,6.74845452256807,6.37479716844266,0.339109746031746,0.404861184606525
"p",0.8481,0.7132,0.4164,0.3511,0.5081,0.5957,8.70286598205426,1.13614473520249,8.70286598205426,1.13614473520249,7.11525356527163,5.8484204988937,0.0736868095238094,0.862508718966737
"p",0.9213,0.8417,0.9431,0.9465,0.9873,0.9825,4.57440045423953,0.607495358255451,4.57440045423953,0.607495358255451,1.61216442590641,1.20523919876234,-0.000519904761904974,0.999012809972349
"p",0.2571,0.3382,0.4689,0.3123,0.3817,0.2783,48.3415427354555,2.76483115264797,-48.3415427354555,-2.76483115264797,5.93393879217739,5.89877220901839,-0.431036444444445,0.294965337457598
"p",0.1962,0.3022,0.3629,0.2029,0.3047,0.1805,53.5671752854182,2.92869732087227,53.5671752854182,2.92869732087227,6.70597476270113,6.58605491989528,0.504187492063492,0.199354416099422
"p",0.1795,0.1747,0.4412,0.4937,0.2741,0.2911,59.5607149265385,4.11262897196262,-59.5607149265385,-4.11262897196262,6.32347179036398,4.28361689521232,-0.604406698412698,0.147233308257109
"p",0.443,0.5489,0.4929,0.3282,0.475,0.393,31.1217229369346,1.65720009345794,-31.1217229369346,-1.65720009345794,4.99257545769396,4.975564669473,-0.508699365079365,0.179933954536345
"p",0.3217,0.3559,0.9231,0.9151,0.469,0.5903,44.8558232681531,2.86313021806854,-44.8558232681531,-2.86313021806854,1.87437863789066,1.48944774099276,-0.415110777777778,0.329751923359026
"p",0.2887,0.3089,0.7286,0.6967,0.4175,0.4644,43.9292572606176,2.8703092211838,-43.9292572606176,-2.8703092211838,2.9967683271568,2.44416032285942,-0.375808634920635,0.341039439454561
"p",0.4748,0.8111,0.0942,0.0694,0.1124,0.162,32.954644692796,0.752418971962617,32.954644692796,0.752418971962617,15.6258100580098,12.2235092688491,0.427131476190476,0.328603968805066
"p",0.9713,0.9611,0.8487,0.7802,0.9224,0.9429,1.67582251140809,0.136153052959501,1.67582251140809,-0.136153052959501,2.65720242246284,2.5050723846886,0.146015492063492,0.725786560650356
"p",0.4484,0.5149,0.6914,0.6835,0.6183,0.6023,32.7449639299537,1.93078638629283,-32.7449639299537,-1.93078638629283,4.06180032401113,3.09309341618117,-0.308600333333333,0.459954911323362
"p",0.274,0.2876,0.6647,0.6745,0.4061,0.4491,48.252374383034,3.20302626168224,-48.252374383034,-3.20302626168224,4.38541141863863,3.24191511105191,-0.53537165079365,0.194234864226692
"p",0.1292,0.1167,0.3808,0.4831,0.206,0.236,61.2988159423118,4.31747049844237,-61.2988159423118,-4.31747049844237,6.20689403110087,3.836088587051,-0.582252825396825,0.128213162446351
"p",0.5205,0.3811,0.1636,0.1947,0.3007,0.3162,26.9190391774718,2.51062750778816,-26.9190391774718,-2.51062750778816,9.71233754494417,6.57759023322435,-0.0964956825396826,0.805045678869737
"p",0.5517,0.6697,0.4777,0.479,0.6551,0.5572,25.7959257684206,1.26630464174455,25.7959257684206,1.26630464174455,6.15161043885096,4.51420340948669,0.351554634920635,0.396172215723755
"p",0.8766,0.9604,0.2759,0.1889,0.2875,0.4184,6.59668753811055,0.146868816199377,-6.59668753811055,0.146868816199377,7.80063205123637,6.82891202480982,-0.121271206349206,0.761392660747199
"p",0.5769,0.4691,0.1164,0.0705,0.1172,0.1832,23.3294125820919,2.07918034267913,-23.3294125820919,-2.07918034267913,11.7667256024077,9.70155507770225,-0.311392857142857,0.433975709567997
"p",0.561,0.6366,0.5717,0.4037,0.5697,0.5081,24.5577014863548,1.38148651090343,24.5577014863548,1.38148651090343,4.91758965788466,4.9324413374521,0.209293190476191,0.609284521769749
"p",0.0782,0.0508,0.0804,0.1867,0.1283,0.0994,80.8290516758805,6.04396370716511,-80.8290516758805,-6.04396370716511,15.7080936525414,8.29068427535476,-0.652943412698412,0.134671090516136
