"","pLW","pLU","pQU","pQH","pMin","pFisher","SW","SL","SWwin","SLwin","SC","SQ","CMCBeta","pBeta"
"p",0.7379,0.8705,0.5248,0.2387,0.3924,0.4601,18.6519746339954,0.885494174454829,-18.6519746339954,0.885494174454829,23.7290805047381,13.1613312984703,0.0177591167964406,0.923349660299206
"p",0.9289,0.8941,0.388,0.2238,0.3684,0.51,5.00426983741768,0.72170769470405,-5.00426983741768,-0.72170769470405,30.5934198407836,13.8690540970592,-0.0516022547274752,0.782402096620914
"p",0.2974,0.8505,0.4478,0.2784,0.4458,0.2837,59.7206388714969,1.0300184423676,-59.7206388714969,-1.0300184423676,28.1499189710974,13.1452433461515,0.00760677641824255,0.967731652848279
"p",0.887,0.6761,0.5881,0.1265,0.222,0.3503,8.24861375916448,2.34924495327103,8.24861375916448,2.34924495327103,22.6099907579585,16.4048928277901,0.0818576596218026,0.665358290265532
"p",0,0.0017,0.1541,0.0028,0,0,243.495535277743,17.9467768847352,243.495535277743,17.9467768847352,54.5216757745716,27.8427584171016,0.6760486996663,0.000369728256792639
"p",0.2991,0.4469,0.1223,0.3282,0.475,0.319,57.5074478935393,4.04219392523364,57.5074478935393,4.04219392523364,53.1398250822255,11.5341007093948,0.151847038932148,0.403315072586754
"p",0.3073,0.7114,0.0752,0.1143,0.201,0.1652,59.2436036376938,2.05638112149533,59.2436036376938,2.05638112149533,70.406185414233,16.1726115466357,0.0905610033370418,0.629289381770544
"p",0.5967,0.933,0.1578,0.1967,0.3297,0.3566,30.1139418146578,0.458445358255452,30.1139418146578,-0.458445358255452,49.404688009454,14.0032896340511,0.02808093214683,0.879590015930316
"p",0.186,0.3524,0.8147,0.6854,0.3129,0.3744,77.0734723005321,5.24475180685358,77.0734723005321,5.24475180685358,15.2885489652443,8.45898127456808,0.209097395995552,0.27633137862495
"p",0.0764,0.2957,0.1839,0.0611,0.1115,0.0414,96.6116522662209,5.45363352024922,96.6116522662209,5.45363352024922,42.9140308176786,16.425056982383,0.213473880978867,0.231290328838824
"p",0.3507,0.1928,0.4866,0.5262,0.5406,0.4698,54.974238058148,7.42984971962617,54.974238058148,7.42984971962617,27.8628174678077,10.4261010561403,0.259174718576198,0.17938649537265
"p",0.6969,0.8838,0.4899,0.4149,0.6186,0.614,22.9761062232364,0.823184984423675,22.9761062232364,-0.823184984423675,27.2588252772968,11.7179569177349,-0.000598610678531749,0.997517414811415
"p",0.2394,0.4816,0.7094,0.6016,0.3911,0.4038,67.5502946291099,3.91063520249221,67.5502946291099,3.91063520249221,18.5959571056048,9.44598082397226,0.112854788654061,0.552986199632394
"p",0.4467,0.7159,0.3086,0.4978,0.6578,0.5238,43.6850168526398,2.03636981308411,-43.6850168526398,2.03636981308411,36.0966104924999,9.9840369228739,0.0266532814238045,0.886982462325027
"p",0.1399,0.2812,0.1082,0.2533,0.2451,0.1578,84.7214038655328,5.91757504672897,84.7214038655328,5.91757504672897,60.9759247572408,13.6964108323606,0.264641666295886,0.161483471796848
"p",0.001,4e-04,0.024,0.0037,0.002,7e-04,191.13496301073,18.6645471962617,191.13496301073,18.6645471962617,95.5162280769547,26.1872888521387,0.598060104560627,0.00105937498288544
"p",0.4772,0.6168,0.7708,0.5858,0.6876,0.5988,40.1651397785769,2.77325286604361,-40.1651397785769,-2.77325286604361,16.4017786391498,9.44397286557021,-0.112769246941046,0.554011248014765
"p",0.9895,0.4885,0.2593,0.098,0.1727,0.3159,0.811139560477227,3.66565685358256,-0.811139560477227,3.66565685358256,36.6031894969642,15.8037120002887,0.158925899888766,0.37807873157995
"p",0.4236,0.5984,0.7457,0.6478,0.6341,0.5983,46.5715565818823,2.95606302180685,46.5715565818823,2.95606302180685,17.042242512818,8.82164653601541,0.106028308120134,0.573421205360997
"p",0.107,0.12,0.6291,0.4639,0.1881,0.2031,96.0828833514225,8.93353788161994,96.0828833514225,8.93353788161994,22.1243130282989,11.3925223384694,0.304972734149056,0.115151945749778
"p",0.9252,0.8122,0.2585,0.0415,0.0763,0.1677,5.63957464181065,1.34843971962617,-5.63957464181065,1.34843971962617,42.3460957995918,21.1614568287947,0.0940725283648505,0.626063368010937
"p",0.0284,0.0838,0.7541,0.5131,0.0536,0.0907,124.162882126874,9.51567087227414,124.162882126874,9.51567087227414,16.59203573705,10.1246169415197,0.366101735261403,0.0492889906009067
"p",0.8364,0.6339,0.4888,0.1495,0.2572,0.3746,11.8020811562464,2.51715510903427,-11.8020811562464,2.51715510903427,24.989399198289,14.7867946303742,0.0892882102335935,0.626304554145266
"p",0.3707,0.0903,0.1301,0.0297,0.0558,0.0756,52.573166457768,9.55039971962617,52.573166457768,9.55039971962617,56.5879929275955,20.650683961129,0.337708671857622,0.0718201020527867
"p",0.3402,0.4019,0.7238,0.7743,0.5325,0.5845,53.464191591668,4.52875990654206,53.464191591668,4.52875990654206,16.6693295731472,6.93433739521489,0.141207470522804,0.440422435362578
"p",0.51,0.783,0.1028,0.2449,0.3976,0.3643,35.6505836672357,1.42763501557632,35.6505836672357,1.42763501557632,54.3473604774127,11.9780151682145,0.0571124760845391,0.747439772113832
"p",0.3938,0.5034,0.7073,0.3466,0.5408,0.3886,50.682947244928,3.81576532710281,50.682947244928,3.81576532710281,19.2778894603133,12.8637001414477,0.178530580645163,0.356285362468819
"p",0.0233,0.0792,0.2243,0.0437,0.0434,0.0141,135.163835816582,10.0293266043614,135.163835816582,10.0293266043614,46.846853394405,22.0106251883517,0.300377540600669,0.125077347109889
"p",0.1169,0.1555,0.6766,0.5919,0.2063,0.2536,92.8528146368111,8.14034763239875,92.8528146368111,8.14034763239875,20.6892643127446,9.97013946128033,0.312448829810903,0.107488612893694
"p",0.0729,0.0361,0.2793,0.4012,0.1319,0.147,103.807897103943,11.6506594080997,103.807897103943,11.6506594080997,40.1391771808675,11.9273437960605,0.437215335928812,0.0214202555880463
"p",0.9162,0.5894,0.7207,0.7111,0.8918,0.9085,5.98916655162166,3.02905112149533,5.98916655162166,3.02905112149533,18.6628235352096,8.2399987294003,0.113897596218021,0.556932668389236
"p",0.2638,0.6228,0.1304,0.0179,0.034,0.042,63.3047676479499,2.72155501557632,63.3047676479499,2.72155501557632,54.7763174488962,21.4757314885063,0.125485119021136,0.502349880694622
"p",0.0465,0.0061,0.0344,0.1022,0.0847,0.0427,116.052996234416,15.1549591588785,116.052996234416,15.1549591588785,94.1507059813055,17.4557618432413,0.485458074527256,0.0103887041699903
"p",0.3875,0.3273,0.6776,0.301,0.4742,0.3543,50.7108976994637,5.49508411214953,50.7108976994637,5.49508411214953,19.7229154731707,13.4576411112422,0.181039902113461,0.344825891331482
"p",0.098,0.0858,0.4525,0.4556,0.1748,0.1881,97.4819476434884,9.77618495327103,97.4819476434884,9.77618495327103,30.1007980585623,11.5311669286742,0.349803393770859,0.07177592660534
"p",0.4805,0.4132,0.7502,0.8362,0.6932,0.7343,41.1011461726285,4.60770165109034,41.1011461726285,4.60770165109034,17.3026524672891,6.57287197698145,0.161796074527254,0.395705933839506
"p",0.3461,0.1931,0.3062,0.4583,0.5336,0.4256,56.4089527075394,7.51307663551402,56.4089527075394,7.51307663551402,38.6836055152707,11.6571872486881,0.219041723025585,0.259875208563122
"p",0.6236,0.3657,0.6376,0.9301,0.8308,0.8709,28.9488859467925,5.12468579439252,-28.9488859467925,-5.12468579439252,21.3742989359049,5.08653760800767,-0.21234181201335,0.267131326813958
"p",0.5269,0.7791,0.2017,0.5357,0.7439,0.6055,34.389090120064,1.43673816199377,34.389090120064,1.43673816199377,41.4051438492712,8.83707885267465,0.0813093993325923,0.64884037086328
"p",0.8797,0.8129,0.1287,0.3263,0.5108,0.6094,8.63706191272363,1.34109339563863,-8.63706191272363,-1.34109339563863,56.0747726367358,12.5143171587713,-0.0512645695216911,0.785780193244781
"p",0.1042,0.0777,0.2327,0.0899,0.1591,0.0667,98.0161169604309,10.2710253271028,98.0161169604309,10.2710253271028,47.3062132072423,19.219299968378,0.364673803114574,0.0647624481713783
"p",0.4873,0.9098,0.6323,0.9867,0.7024,0.8007,37.5338157370473,0.639474267912773,37.5338157370473,0.639474267912773,18.6649158804856,2.80663769721047,0.0584133214682985,0.743568797944634
"p",0.4158,0.0465,0.0219,0.1267,0.2218,0.2093,44.8306591237444,10.6731452024922,44.8306591237444,10.6731452024922,96.3418479318924,15.1281630335759,0.316393426028923,0.0837803663570798
"p",0.0962,0.1042,0.5444,0.5369,0.1716,0.2065,93.1499328497902,8.72033127725857,93.1499328497902,8.72033127725857,22.2659112836907,9.1443553543598,0.295467968854285,0.102186719148532
"p",0.1966,0.8239,0.185,0.6834,0.3309,0.3906,71.7382620032134,1.16693003115265,71.7382620032134,1.16693003115265,45.2186977062223,7.80818084455851,0.0555319410456067,0.760760359414463
"p",0.5986,0.1963,0.1748,0.3469,0.5353,0.5067,31.2166677578322,7.26690105919003,31.2166677578322,7.26690105919003,50.4936875222808,12.4574735886792,0.254672675194662,0.18488311766274
"p",0.1868,0.177,0.5132,0.4339,0.3157,0.2793,72.8628060735647,7.16929464174455,72.8628060735647,7.16929464174455,23.2737918572958,10.1913395191521,0.249762318131259,0.16583219524862
"p",0.4678,0.3482,0.7373,0.7221,0.6873,0.6726,40.3302150672154,5.09122218068536,40.3302150672154,5.09122218068536,16.5926951058039,7.68367539281079,0.15771183426029,0.390192782840904
"p",0.6218,0.5614,0.7243,0.6448,0.8299,0.7356,29.3394501420807,3.32598052959502,29.3394501420807,3.32598052959502,19.2292990670546,9.42343937734821,0.128255597330368,0.513325612069686
"p",0.8676,0.8379,0.4846,0.4256,0.6316,0.7007,8.94007837812181,1.10934489096573,-8.94007837812181,1.10934489096573,25.3498626407551,10.4912333642961,0.0561879899888766,0.760374979690215
"p",0.3775,0.2247,0.3636,0.2536,0.411,0.3121,49.8238163553338,6.52885498442368,49.8238163553338,6.52885498442368,31.4311501031482,13.1262509382171,0.244164055617354,0.188572289547583
"p",0.8514,0.883,0.7571,0.9747,0.9701,0.9785,9.84841958179838,0.815090529595017,9.84841958179838,-0.815090529595017,15.5917754139571,3.66504759520818,0.0187491913236931,0.918074715225096
"p",0.7101,0.8081,0.3876,0.8114,0.8942,0.8698,21.6003083439081,1.38847781931464,21.6003083439081,-1.38847781931464,32.5841932239323,7.35302813876745,-0.0084697586206897,0.964914146330428
"p",0.401,0.5667,0.1226,0.1281,0.2241,0.2071,46.4478157699834,3.00314831775701,46.4478157699834,3.00314831775701,52.1600910198546,14.4088384081084,0.107400440489434,0.546421562055511
"p",0.0768,0.1289,0.8215,0.829,0.1382,0.2385,101.047575481596,8.29692604361371,101.047575481596,8.29692604361371,13.954606833679,6.34221408524572,0.286309379310347,0.125856032049251
"p",0.1307,0.0594,0.0985,0.1176,0.2053,0.0935,85.5097113453979,10.4395429595016,85.5097113453979,10.4395429595016,62.4412309734511,16.0802164747661,0.32872765739711,0.0789744905402064
"p",0.3643,0.7586,0.0802,0.1069,0.1887,0.1741,51.6270867862053,1.70439180685358,51.6270867862053,1.70439180685358,68.7840332144281,16.8600558041187,0.124171650723026,0.508595022207521
"p",0.0322,0.0094,0.0792,0.0532,0.0596,0.0206,128.596987424111,14.6543119314642,128.596987424111,14.6543119314642,70.9266454072377,20.1624967506983,0.505587184649614,0.00820493435100263
"p",0.1288,0.332,0.2486,0.1344,0.2221,0.102,88.2048876215005,5.42019794392523,88.2048876215005,5.42019794392523,42.2492352469347,16.6951287260071,0.247032794215797,0.197228266152675
"p",0.5658,0.8054,0.449,0.3127,0.5,0.4648,31.0298142703283,1.22365046728972,-31.0298142703283,1.22365046728972,25.1178565380576,11.1903099703387,0.0658091112347059,0.711748925621753
"p",0.5254,0.4092,0.1225,0.4005,0.6035,0.5143,36.6063725531646,4.60981087227414,-36.6063725531646,-4.60981087227414,58.7833022325148,11.8425038765061,-0.179944944382649,0.347657729482518
"p",0.4722,0.1284,0.1184,0.372,0.5783,0.4617,40.6969383269568,8.24610006230529,40.6969383269568,8.24610006230529,57.2485727238959,11.7166837893947,0.289387773081203,0.121453194743767
"p",0.5435,0.2427,0.192,0.1651,0.2827,0.2988,34.3346526565511,6.32732158878505,34.3346526565511,6.32732158878505,45.137206376944,14.6249742033505,0.283921017797555,0.123011916472337
"p",0.6598,0.9758,0.0283,0.2446,0.3987,0.4349,23.8712373981357,0.167838037383178,23.8712373981357,-0.167838037383178,86.0355149587038,12.2704861986012,0.0676764260289214,0.704688013887486
"p",0.6267,0.8391,0.6498,0.7742,0.834,0.8044,27.4458606731332,1.10236732087228,27.4458606731332,1.10236732087228,19.1710153115715,6.7010334397365,0.0425484082313684,0.817668624414946
"p",0.0458,0.127,0.3244,0.2338,0.0835,0.0725,119.770369267652,8.82133193146418,119.770369267652,8.82133193146418,38.4846530768589,15.0530878629347,0.315017090100114,0.108865187110378
"p",0.4607,0.5099,0.61,0.5769,0.675,0.5867,43.046139102908,3.66892199376947,43.046139102908,3.66892199376947,21.9142856685151,9.76964020257501,0.0931911179087885,0.62365400880475
"p",0.7209,0.1539,0.1091,0.2136,0.3555,0.421,21.2610973830073,7.91734143302181,21.2610973830073,7.91734143302181,61.3365662318283,14.6918816482205,0.237483789766409,0.213271569693616
"p",0.4122,0.0982,0.0416,0.6209,0.6177,0.5752,45.2159914269666,8.81113657320872,-45.2159914269666,-8.81113657320872,79.3405726671813,8.29829611630705,-0.222267409343717,0.220968229794254
"p",0.0182,0.0057,0.0422,0.0139,0.0266,0.0062,136.659931346201,15.7104790031153,136.659931346201,15.7104790031153,85.3574801743342,23.5808927124321,0.510955196885432,0.00659484277010082
"p",0.9522,0.8092,0.3043,0.1081,0.1904,0.327,3.12939653820921,1.32568124610592,-3.12939653820921,1.32568124610592,34.0716888992756,16.1215159192841,0.00673113459399343,0.970786684553504
"p",0.5302,0.9369,0.1963,0.4006,0.601,0.5093,35.1734901586304,0.428104797507789,35.1734901586304,0.428104797507789,44.5402710049163,10.8273413087167,0.0354068631813129,0.848781969311664
"p",0.5757,0.4255,0.2879,0.2752,0.4439,0.4275,32.7458007173156,4.37869897196262,32.7458007173156,4.37869897196262,38.2840932277398,13.2389476123487,0.145047320355952,0.445271761376945
"p",0.9855,0.5537,0.4709,0.3448,0.5384,0.673,1.02227956186189,3.40275987538941,1.02227956186189,-3.40275987538941,29.6110702710704,13.1360918055041,-0.0733343470522807,0.708832137615755
"p",0.8315,0.7334,0.7932,0.9479,0.9607,0.9658,12.7247644231536,2.00708448598131,-12.7247644231536,2.00708448598131,17.0614346945501,4.99925972142193,0.077705542825362,0.694480374497003
"p",0.7644,0.5055,0.3508,0.3732,0.5729,0.6061,17.3705214063146,3.83332554517134,17.3705214063146,3.83332554517134,36.0372502167266,12.7212681572189,0.115196545050056,0.557044983682853
"p",0.1548,0.1423,0.2952,0.0442,0.0808,0.0521,83.6724510474682,8.22817763239875,83.6724510474682,8.22817763239875,38.8714297764165,20.0591595309186,0.324202285873194,0.0898488114556164
"p",0.0116,0.0073,0.1155,0.1713,0.0223,0.0236,150.813437389399,15.7813116199377,150.813437389399,15.7813116199377,62.5441254467625,15.9038068470802,0.519655717463853,0.00662184200185474
"p",0.9944,0.4157,0.2303,0.8966,0.9831,0.9891,0.41289265703438,4.50216809968847,-0.41289265703438,-4.50216809968847,43.728923430824,6.10498952342763,-0.12599943047831,0.507955159207367
"p",0.0528,0.0239,0.2217,0.4579,0.0951,0.1273,110.009653139591,12.4183760747664,110.009653139591,12.4183760747664,42.5282745953012,10.3921362575744,0.405672830923251,0.0289957993034335
"p",0.3695,0.1156,0.1897,0.4354,0.5694,0.4343,51.7609414496897,8.7853385046729,51.7609414496897,8.7853385046729,47.0227477794613,10.9590313531881,0.241332854282538,0.196777124505784
"p",0.3031,0.5985,0.5355,0.3605,0.4863,0.3395,60.832806083016,2.96463520249221,60.832806083016,2.96463520249221,25.5402461535562,12.4891447567798,0.0806940878754178,0.675357915086884
"p",0.8628,0.6594,0.9288,0.965,0.9703,0.9756,9.58755162902253,2.38963495327103,9.58755162902253,2.38963495327103,9.10388075989964,3.65657062261362,0.107663703003338,0.550942340619444
"p",0.5872,0.4909,0.492,0.3967,0.6033,0.5408,32.7049865632178,3.93520672897196,32.7049865632178,3.93520672897196,27.4087710263761,11.922552484783,0.130833173526141,0.495987370303038
"p",0.6874,0.5683,0.569,0.31,0.4917,0.5129,24.1853989230363,3.29214420560748,24.1853989230363,3.29214420560748,25.8979652596516,14.0676360270172,0.111084433815351,0.577263757730086
"p",0.3917,0.3217,0.4145,0.848,0.5958,0.664,51.645340535343,5.61910130841122,-51.645340535343,-5.61910130841122,31.6481229744333,6.65290807208402,-0.15522204560623,0.423140883222581
"p",0.5397,0.2475,0.3292,0.5724,0.7521,0.6328,35.5611693477612,6.52998666666667,35.5611693477612,6.52998666666667,35.5516610993111,9.63763556261113,0.216696185761959,0.255402140157413
"p",0.2495,0.2215,0.1131,0.0722,0.1308,0.1024,65.6681689105752,6.6881738317757,-65.6681689105752,-6.6881738317757,57.5902626178145,17.4242713639145,-0.205483638487209,0.26818335878763
"p",0.249,0.5987,0.5318,0.3955,0.4163,0.3227,66.2862886901844,2.98453439252336,66.2862886901844,2.98453439252336,24.6269471813946,11.5204778788251,0.0968508887652954,0.606333134418216
"p",0.7747,0.7673,0.3307,0.6483,0.8504,0.8154,16.4036476596813,1.63908585669782,16.4036476596813,1.63908585669782,35.2851527323609,8.7812908475224,0.0625533815350392,0.739684563850194
"p",0.7356,0.7356,0.8498,0.852,0.9102,0.8985,20.881675903804,2.01946517133956,20.881675903804,2.01946517133956,15.444781714451,7.1120722474046,0.0363253770856508,0.857106428334602
"p",0.1386,0.445,0.6199,0.7537,0.2402,0.3328,82.8377058877535,4.14280676012461,82.8377058877535,4.14280676012461,19.8636966905193,7.07267982012328,0.206290323692994,0.25580765642667
"p",0.4671,0.307,0.5057,0.1499,0.2564,0.2561,43.3118952709624,5.96516143302181,43.3118952709624,5.96516143302181,28.3976465159585,17.2094183439313,0.210196647385986,0.288829699232727
"p",0.3791,0.4467,0.4406,0.4723,0.58,0.4618,46.246910935131,3.80946031152648,46.246910935131,3.80946031152648,23.9418511137405,8.95134991091282,0.209768802002226,0.225566996585791
"p",0.0363,0.0067,0.0626,0.0865,0.068,0.0329,126.173835045925,15.4891416510903,126.173835045925,15.4891416510903,80.6948928667159,18.5972220821547,0.565305928809792,0.00348686786608665
"p",0.0223,0.0208,0.0854,0.0322,0.0421,0.0123,135.617096324211,13.2392349844237,135.617096324211,13.2392349844237,70.8005716784772,21.9616457342555,0.462975008898779,0.016996399830385
"p",0.9651,0.5968,0.0364,0.0969,0.172,0.3074,2.57272950549286,3.08269722741433,2.57272950549286,-3.08269722741433,93.5773498265215,19.0477703201673,-0.0960407541713021,0.62397085688067
"p",0.1545,0.3412,0.125,0.3875,0.2644,0.2275,85.9535307313112,5.48269700934579,85.9535307313112,5.48269700934579,63.2600021565257,12.7505800716324,0.263552322580647,0.180492786476234
"p",0.9201,0.9101,0.5775,0.7073,0.891,0.9079,6.11130131700683,0.629715420560749,-6.11130131700683,-0.629715420560749,24.0555222961972,8.40160844491311,0.0281455361512795,0.883793696879901
"p",0.3398,0.7657,0.0462,0.1862,0.3159,0.2391,58.5273910739342,1.76128411214953,58.5273910739342,1.76128411214953,92.438662503838,16.0599845297811,0.104162008898777,0.598728026720266
"p",0.1161,0.2623,0.4962,0.6669,0.2038,0.2713,86.5826171532502,6.00956080996885,86.5826171532502,6.00956080996885,23.9616594768513,7.76088164219802,0.225331249165741,0.210561224351781
"p",0.1955,0.481,0.5122,0.8465,0.325,0.4404,75.4623778669338,3.88976230529595,75.4623778669338,3.88976230529595,25.7328724034032,6.12403127603601,0.0960402491657404,0.610012191380029
"p",0.4369,0.1408,0.3259,0.532,0.6485,0.5409,46.2897463521021,8.27629800623053,46.2897463521021,8.27629800623053,36.4149981150627,10.4191641360577,0.31096823470523,0.104169515941024
"p",0.1212,0.2951,0.1988,0.0188,0.035,0.0262,93.0555963383829,6.09276588785047,93.0555963383829,6.09276588785047,51.1924735387698,24.6563779483191,0.257155805339267,0.193373205488946
"p",0.8579,0.7082,0.6472,0.3978,0.601,0.6711,10.2041799807286,2.05023392523364,10.2041799807286,2.05023392523364,20.299634253061,11.5645173399177,0.0352304883203563,0.85192776442136
"p",0.062,0.1312,0.43,0.2111,0.112,0.0824,102.297076653745,7.87798199376947,102.297076653745,7.87798199376947,26.6579120151674,13.0529664773487,0.298896773081203,0.0961897513425504
"p",0.531,0.9353,0.3747,0.3293,0.5169,0.4559,35.9163235330692,0.450658566978194,-35.9163235330692,0.450658566978194,31.394845832723,12.1545780552363,0.0251859755283649,0.892871191946462
"p",0.4625,0.251,0.6392,0.849,0.6762,0.7262,41.3584585184008,6.06680267912772,41.3584585184008,6.06680267912772,19.2988173730148,6.0784818030803,0.154097120133482,0.398376599091382
"p",0.7705,0.9628,0.5379,0.2626,0.4275,0.5015,16.4110125724455,0.265297507788163,-16.4110125724455,0.265297507788163,23.3248904958007,12.7195059006988,-0.0287474393770855,0.875187088297234
"p",0.0447,0.0268,0.2409,0.1941,0.0831,0.0624,120.803439056651,12.7890190965732,120.803439056651,12.7890190965732,44.8588874532814,15.5023532613347,0.410487946607344,0.0345241828223455
"p",0.0623,0.2091,0.8238,0.4457,0.1134,0.1376,107.38076547168,7.06815959501558,107.38076547168,7.06815959501558,14.8052995333055,11.2384059031653,0.287360897664073,0.131713220548069
"p",0.6698,0.6725,0.0792,0.0443,0.0823,0.1407,26.9074799153051,2.55613009345794,26.9074799153051,2.55613009345794,80.4199305513145,22.6187712118687,0.15922603448276,0.435091685329794
"p",0.714,0.6262,0.3845,0.1319,0.2296,0.3065,21.4253526666042,2.66861236760124,-21.4253526666042,2.66861236760124,30.5765099366206,15.8087781290529,0.0461370923248057,0.804806111961312
"p",0.3986,0.3342,0.3113,0.0724,0.1313,0.14,47.7269971546022,5.28312978193146,47.7269971546022,5.28312978193146,34.5782982759941,17.4640508227911,0.214039429365964,0.251298997259405
"p",0.449,0.4216,0.9356,0.874,0.6611,0.7243,45.9212454926021,4.59104271028037,45.9212454926021,4.59104271028037,10.924063561172,6.72714906361989,0.16951834371524,0.383510453449781
"p",0.0663,0.7413,0.106,0.0399,0.0752,0.0276,107.876185770606,1.91126012461059,107.876185770606,1.91126012461059,63.7506712358211,20.384775167903,0.0578928809788655,0.760721680676927
"p",0.8317,0.2668,0.2738,0.1084,0.1934,0.2973,12.2364723092111,6.27373121495327,12.2364723092111,6.27373121495327,40.8352721062607,17.4437046341012,0.211280963292548,0.275136807324173
"p",0.5162,0.4269,0.9025,0.8809,0.7244,0.7758,38.8579229544574,4.53632021806854,38.8579229544574,4.53632021806854,11.9284705996068,5.99453331107725,0.148513824249167,0.445179126551556
"p",0.0097,0.0038,0.0783,0.0048,0.0092,0.0021,156.397552639255,16.7863302180685,156.397552639255,16.7863302180685,77.6700669244969,27.7321339643255,0.558316563959959,0.00485320938706157
"p",0.0027,0.0187,0.0806,0.0128,0.0052,0.0019,166.057451868631,12.7092357632399,166.057451868631,12.7092357632399,63.4673089680138,22.0693206439007,0.455509476084542,0.0120579502751204
"p",0.5035,0.365,0.1076,0.5394,0.7177,0.5927,40.9470252830117,5.27096180685358,-40.9470252830117,-5.27096180685358,63.5434245487724,10.4042025607015,-0.154151765294773,0.427867913844194
"p",0.1806,0.1273,0.1306,0.1157,0.2052,0.1124,78.9246545898492,8.67469934579439,78.9246545898492,8.67469934579439,58.7104641493513,16.8717147946698,0.322183051167967,0.0917029759589602
"p",0.2816,0.3996,0.8015,0.5345,0.4486,0.4167,63.2699946400698,4.64816003115265,63.2699946400698,4.64816003115265,15.4564426678868,10.1618588203669,0.213396456062293,0.263877041403486
"p",0.1002,0.1332,0.1184,0.0076,0.0147,0.0122,96.2017390026521,8.3354692211838,96.2017390026521,8.3354692211838,59.7027687832588,24.6762488578179,0.29744279310345,0.116785775768043
"p",0.9789,0.6101,0.4006,0.0781,0.1405,0.2705,1.45490703532816,2.79432750778816,-1.45490703532816,2.79432750778816,29.9114016414135,17.8207020482854,0.0417304493882094,0.82376507681836
"p",0.1366,0.171,0.1775,0.5178,0.237,0.2553,88.1145629445928,7.8532615576324,-88.1145629445928,-7.8532615576324,50.8059610407815,10.4919429568385,-0.301564579532816,0.117020922911345
"p",0.7298,0.7081,0.9395,0.866,0.9071,0.8971,20.358286426919,2.08508950155763,20.358286426919,2.08508950155763,9.67306611652343,5.99794075220891,0.0480694649610682,0.803157269372884
"p",0.6443,0.6447,0.954,0.8543,0.8438,0.8502,27.3318576206899,2.59001348909657,27.3318576206899,2.59001348909657,9.27853230542312,6.49216624733921,0.080545947719689,0.675812378597286
"p",0.6511,0.629,0.9496,0.9716,0.8511,0.8986,26.2257440916166,2.78246647975078,26.2257440916166,2.78246647975078,9.63710763088295,4.08844381509843,0.0918867419354844,0.637003822248531
"p",0.7113,0.9061,0.7172,0.5158,0.7302,0.6984,20.5254742209857,0.627828971962617,-20.5254742209857,-0.627828971962617,16.7396881839575,9.35632942126008,-0.0575228676307011,0.751383465947297
"p",0.6718,0.7471,0.5245,0.3549,0.555,0.5496,23.9568331946731,1.67941482866044,-23.9568331946731,-1.67941482866044,23.3073937630653,11.2583747114566,-0.0887275105672975,0.62730082459036
"p",0.268,0.3739,0.5939,0.5952,0.4293,0.4295,66.3330634505116,5.10482417445483,66.3330634505116,5.10482417445483,23.8228604176493,9.658141424211,0.189559816462738,0.336615506010331
"p",0.2358,0.2986,0.7531,0.6408,0.3911,0.4134,71.9668872631438,6.07668230529595,71.9668872631438,6.07668230529595,18.524364119863,9.71384088493462,0.229193834260291,0.244450544578718
"p",0.6252,0.698,0.6195,0.7074,0.8286,0.7654,28.5473917653852,2.20221785046729,28.5473917653852,2.20221785046729,21.7447973357179,8.05387684451564,0.0723119933259184,0.706445885102515
"p",0.0799,0.0387,0.1399,0.0436,0.0802,0.0336,102.884832996537,11.5629952647975,102.884832996537,11.5629952647975,56.1070379571658,19.775413961041,0.360577904338156,0.0570476912777716
"p",0.8374,0.3834,0.1789,0.2919,0.4692,0.5569,11.8109592844088,4.95719482866044,-11.8109592844088,4.95719482866044,49.9394200048186,13.2693461034616,0.148111082313683,0.439553867918938
"p",0.9833,0.8224,0.9721,0.9729,0.999,0.9987,1.0965853365692,1.26844442367601,-1.0965853365692,1.26844442367601,7.7453654981907,3.72708143401159,0.0148455773081201,0.938481360645922
"p",0.7851,0.8568,0.968,0.7053,0.8938,0.8563,16.0273865478327,1.00608760124611,-16.0273865478327,-1.00608760124611,8.1040674768931,8.07482044713192,-0.0214503559510569,0.908465534919011
"p",0.0185,0.0132,0.2324,0.2788,0.0341,0.0443,143.702196401985,14.4276136137072,143.702196401985,14.4276136137072,46.2618172791135,14.3529525723068,0.44547657842047,0.0241006906676234
"p",0.0971,0.1628,0.3919,0.539,0.169,0.2122,92.7728829875515,7.50407330218069,92.7728829875515,7.50407330218069,28.8500574359989,8.85142510400291,0.241436144605119,0.182380773737466
"p",0.4643,0.6607,0.0746,0.0467,0.0855,0.1172,40.7458036322985,2.34483099688474,40.7458036322985,2.34483099688474,64.8613696531314,17.4925997330465,0.0871967030033376,0.627595962864934
"p",0.9009,0.7728,0.7235,0.4723,0.6834,0.7545,7.18212506154034,1.6220784423676,-7.18212506154034,1.6220784423676,17.9465260445591,10.6195084801192,0.021845955506118,0.908912635860385
"p",0.2606,0.3561,0.0938,0.1019,0.1804,0.1381,68.0427224366301,5.3299977258567,68.0427224366301,5.3299977258567,70.4483796909889,18.5944059397769,0.202601166852059,0.302872908108676
"p",0.1262,0.2255,0.1555,0.0504,0.0935,0.0505,90.2484703919955,6.88465825545171,90.2484703919955,6.88465825545171,54.5386132660597,19.8448634302094,0.303371094549502,0.116648073105086
"p",0.9929,0.9882,0.9127,0.8358,0.9639,0.9762,0.495097349485752,0.083136012461058,-0.495097349485752,-0.083136012461058,11.491469492573,6.8128045314981,0.01978180756396,0.918346897522619
"p",0.8298,0.6201,0.828,0.8792,0.9598,0.9468,13.1659487899881,2.84075392523364,13.1659487899881,2.84075392523364,15.4853811302816,6.51666813096032,0.0814294938820919,0.675066229204874
"p",0.8642,0.4273,0.1273,0.1249,0.2194,0.3373,9.5332227710388,4.296632211838,9.5332227710388,4.296632211838,54.4708546854226,15.6484852287748,0.176460174638489,0.33876445515793
"p",0.9414,0.5583,0.0765,0.3631,0.5626,0.6753,4.23572008554182,3.29020124610592,-4.23572008554182,-3.29020124610592,69.3700469075827,11.8560722823309,-0.0895380656284769,0.632955375256995
"p",0.6785,0.6247,0.7851,0.3627,0.5559,0.5582,24.952300282032,2.8613600623053,24.952300282032,2.8613600623053,17.0447931260405,12.7628257797724,0.105511546162404,0.587235893160671
"p",0.3199,0.1997,0.0976,0.2759,0.4452,0.295,55.6686288802963,6.80897205607477,-55.6686288802963,-6.80897205607477,59.5826949760796,12.4630628690567,-0.204536008898778,0.267108305630905
"p",0.8032,0.8008,0.8679,0.5769,0.7867,0.7833,14.0091709981505,1.39225669781931,14.0091709981505,1.39225669781931,12.2853260107176,9.04891201382946,0.0421771746384874,0.817455610624716
"p",0.1961,0.5967,0.4888,0.0329,0.0626,0.0503,76.5451881288218,3.02470560747664,-76.5451881288218,-3.02470560747664,28.5729017881722,21.5559404212679,-0.0503670667408234,0.797188998965325
"p",0.1779,0.4191,0.6306,0.3363,0.3016,0.2261,74.0399604391694,4.23008576323988,74.0399604391694,4.23008576323988,18.9041904498808,11.0886573729712,0.165231211345941,0.357585900326644
"p",0.0101,0.4056,0.035,0.0036,0.0069,0.0011,143.684528287179,4.53242133956386,143.684528287179,4.53242133956386,86.0273148016045,24.1980644833912,0.223628978865407,0.228588792602977
"p",0.8481,0.4993,0.2635,0.7613,0.9257,0.9071,10.8347678740405,3.71697654205607,-10.8347678740405,-3.71697654205607,37.5978738619558,7.22050529864938,-0.102388715239155,0.579508754056573
"p",0.0976,0.0551,0.1725,0.6097,0.1718,0.2259,93.9572860260551,10.4811578504673,93.9572860260551,10.4811578504673,47.5392303101815,8.73654113624986,0.334864998887655,0.0709506863076237
"p",0.7087,0.1189,0.0824,0.3133,0.4933,0.5231,21.4708394874406,8.61028710280374,21.4708394874406,8.61028710280374,67.0790109436832,12.3127140101188,0.278389771968856,0.137012896502483
"p",0.361,0.6448,0.9462,0.8261,0.5566,0.6271,55.5279883858888,2.66513121495327,55.5279883858888,2.66513121495327,10.5611439231598,7.37004465602143,0.099253034482759,0.610773405743154
"p",0.5089,0.3373,0.227,0.3039,0.4779,0.4203,38.3525275607595,5.41619965732087,38.3525275607595,5.41619965732087,44.420786622024,13.2372557146925,0.186326975528366,0.333305949707858
"p",0.9899,0.6186,0.4895,0.2151,0.3569,0.5163,0.659892499293125,2.64447246105919,-0.659892499293125,2.64447246105919,24.29052787735,13.1608955166489,0.0877303737486099,0.630135691008345
"p",0.0196,0.0398,0.3481,0.2537,0.037,0.0437,131.631019078141,10.9806127102804,131.631019078141,10.9806127102804,32.5023308692701,13.0775726536895,0.35945393659622,0.0509061431849749
"p",0.0133,0.066,0.5402,0.1108,0.0251,0.0182,137.04450339118,9.83787429906542,137.04450339118,9.83787429906542,22.2161538877176,15.1287924098016,0.34382875194661,0.0558682761996267
"p",0.3555,0.0781,0.0861,0.2583,0.4192,0.3005,52.0824539050843,9.60002626168224,52.0824539050843,9.60002626168224,66.0943218029408,13.1343594605846,0.307218383759735,0.101754600861437
"p",0.731,0.9118,0.6198,0.6117,0.8215,0.7752,19.9281091940069,0.585331495327103,19.9281091940069,0.585331495327103,21.2348448521333,9.17748132370713,0.00569432035595126,0.975962035917218
"p",0.2136,0.1686,0.6117,0.6459,0.3549,0.3905,73.6109347665867,7.85722654205608,73.6109347665867,7.85722654205608,22.8944483992465,9.18629588985663,0.294285300333706,0.12968158117934
"p",0.8627,0.437,0.503,0.4715,0.6852,0.7392,10.557300495009,4.41397548286604,10.557300495009,4.41397548286604,26.8306399384266,11.1536185717429,0.127118867630702,0.507989822432546
"p",0.81,0.9802,0.4356,0.0449,0.081,0.1649,14.0327744193544,0.151182959501557,14.0327744193544,0.151182959501557,28.0818750225913,20.035441527338,0.024382165739711,0.895586180549289
"p",0.083,0.1405,0.5511,0.2172,0.1509,0.1033,94.8799252966241,7.82370800623053,94.8799252966241,7.82370800623053,22.1565612416013,13.1917949759102,0.293677439377088,0.106018752117228
"p",0.1346,0.3058,0.3417,0.4401,0.2361,0.2283,86.9803383383854,5.80698214953271,86.9803383383854,5.80698214953271,35.2774415852712,11.421518164502,0.249661718576198,0.1899302942022
"p",0.0336,0.039,0.4307,0.5722,0.0627,0.107,123.085540577513,11.444099470405,123.085540577513,11.444099470405,29.8882733957556,9.69207614805045,0.439995813125698,0.0204551482314754
"p",0.0871,0.1336,0.1275,0.0752,0.1351,0.0558,97.8125739938396,8.18391950155763,97.8125739938396,8.18391950155763,56.0055469349088,18.012103872397,0.326142231368189,0.0801555359571168
"p",0.3364,0.517,0.584,0.1593,0.272,0.2105,54.571982745253,3.50823931464174,54.571982745253,3.50823931464174,22.3009130999759,14.8503750839411,0.166003149054506,0.374066020768008
"p",0.4633,0.7073,0.4673,0.6546,0.6728,0.6274,42.3010352935127,2.02913492211838,42.3010352935127,2.02913492211838,28.2480507576495,8.93903699359581,0.0731231624026699,0.704049955747845
"p",0.0023,0.0027,0.1486,0.0557,0.0044,0.0039,170.245572640281,16.1024965420561,170.245572640281,16.1024965420561,53.8837048716904,19.838096632973,0.576910625139047,0.0022674165119291
"p",0.0161,0.0049,0.0478,7e-04,0.0013,8e-04,145.837673267969,16.7859519937695,145.837673267969,16.7859519937695,89.8606081267964,32.9683915251392,0.58801636707453,0.00295652333244613
"p",0.6202,0.1331,0.0854,0.7474,0.8194,0.7791,30.6315662806112,8.72110261682243,30.6315662806112,8.72110261682243,74.3691952065947,7.85944814016808,0.335478520578423,0.0906078248089557
"p",0.5078,0.5649,0.931,0.8328,0.7232,0.7538,38.1068257217913,3.21867373831776,38.1068257217913,3.21867373831776,10.0233270468623,6.32157772243798,0.117843103448276,0.535628840805558
"p",0.8235,0.9944,0.2476,0.3717,0.5693,0.633,12.0208519192569,0.0279125856697827,12.0208519192569,0.0279125856697827,38.9393977201073,11.1544022165769,0.0428225583982206,0.816204874117974
"p",0.6397,0.4361,0.1436,0.0179,0.0342,0.0736,27.986875313473,4.46384591900311,27.986875313473,4.46384591900311,59.1998399519746,23.7938885764128,0.13739318131257,0.488470644349823
"p",0.8968,0.9006,0.1853,0.0159,0.0299,0.0916,6.8595767911814,0.665282834890966,-6.8595767911814,0.665282834890966,45.2083522106742,23.588802585102,0.0465268320355953,0.798833502330626
"p",0.2187,0.0433,0.0684,0.1014,0.1791,0.1172,69.885456949415,11.0262165420561,69.885456949415,11.0262165420561,71.7091354315315,16.5112353258472,0.352303818687432,0.0585391003432012
"p",0.0335,0.082,0.3479,0.1012,0.0628,0.0324,123.765243206062,9.82345021806854,123.765243206062,9.82345021806854,35.9164263842483,18.2887302028405,0.392702701890992,0.0434548162514318
"p",0.0254,0.0159,0.1029,0.3613,0.047,0.069,131.675797870487,13.6925173520249,131.675797870487,13.6925173520249,64.9034796331302,12.0206154213035,0.43988500556174,0.0218751696389484
"p",0.0123,0.0125,0.1303,0.0407,0.0234,0.0111,146.807976766237,13.8626933021807,146.807976766237,13.8626933021807,55.5873483537372,20.7341064679101,0.481017119021138,0.0104708305166461
"p",0.0508,0.1956,0.2653,0.2507,0.0939,0.0796,108.061579356885,6.79186632398754,108.061579356885,6.79186632398754,35.4665583761997,12.3898839881799,0.317903530589546,0.0772434756187455
"p",0.2821,0.2757,0.4425,0.1096,0.191,0.1486,62.0880654894387,6.12367327102804,62.0880654894387,6.12367327102804,29.1740184870453,17.7846498364527,0.209571437152393,0.273394041932421
"p",0.046,0.014,0.0906,0.2018,0.0853,0.0684,106.213231892724,12.5171924299065,106.213231892724,12.5171924299065,54.1523662400177,12.2385553272392,0.478980800889881,0.00566816434366561
"p",0.0682,0.9774,0.0411,0.0353,0.0656,0.0257,108.14324854309,0.171520996884734,-108.14324854309,-0.171520996884734,94.6769612627766,21.6538991875499,-0.021685209121246,0.911649079655797
"p",0.4593,0.4754,0.4776,0.3834,0.5808,0.457,41.082224544188,3.75967358255452,-41.082224544188,-3.75967358255452,24.9084627776596,10.7247905607557,-0.1432031134594,0.428889569948793
"p",0.1376,0.0943,0.3682,0.4426,0.2382,0.2347,92.4976954418256,9.96703672897196,92.4976954418256,9.96703672897196,37.1687787742032,12.3761507514981,0.372794689655175,0.0624230903709987
"p",0.964,0.69,0.244,0.0861,0.1555,0.2846,2.53830041690957,2.21989604361371,2.53830041690957,2.21989604361371,42.8327737478008,17.900324031365,0.062539886540601,0.743192466090903
"p",0.0528,0.0406,0.3928,0.5544,0.097,0.1438,112.655515806285,11.396909376947,112.655515806285,11.396909376947,31.6508811447722,9.91271776999802,0.439267724137934,0.0213071970107133
"p",0.4288,0.9496,0.651,0.8031,0.6367,0.6764,45.5927188708407,0.330587196261682,-45.5927188708407,-0.330587196261682,20.1614791802239,7.20219345235748,-0.0760384071190215,0.687951678230123
"p",0.2804,0.8404,0.1353,0.4955,0.4513,0.3983,59.1451169037052,1.02692629283489,59.1451169037052,1.02692629283489,48.2903268742651,9.08317716226589,0.0353853125695219,0.840491475190348
"p",0.8847,0.6669,0.1661,0.6814,0.8734,0.878,7.84535624001431,2.19307146417445,-7.84535624001431,-2.19307146417445,44.9797010371188,7.43846787337191,-0.0439193737486099,0.806449716838378
"p",0.8317,0.9202,0.7823,0.2086,0.3508,0.4549,11.5453250949437,0.538677352024923,11.5453250949437,-0.538677352024923,15.875007442008,14.5283641701812,-0.0176557452725251,0.925995887783756
"p",0.6443,0.4818,0.9092,0.9966,0.8485,0.9066,25.9277085528866,3.77565744548287,25.9277085528866,3.77565744548287,10.1941077882825,2.12045687763425,0.127019303670746,0.487771350589739
"p",0.4973,0.175,0.2514,0.3825,0.5834,0.4814,38.1680886475704,7.29855557632399,38.1680886475704,7.29855557632399,37.6910018148636,10.9137775026393,0.245510417130146,0.178095686661102
"p",0.391,0.3448,0.2044,0.258,0.4187,0.3174,49.3823100264465,5.14790404984424,49.3823100264465,5.14790404984424,44.8476021897937,13.2638742644855,0.152184155728588,0.417495292272882
"p",0.7431,0.4669,0.6123,0.4187,0.6309,0.6417,19.2872656966048,4.2024430529595,19.2872656966048,4.2024430529595,24.3324163332459,12.659866011381,0.176035242491659,0.379624179027805
