"","pLW","pLU","pQU","pQH","pMin","pFisher","SW","SL","SWwin","SLwin","SC","SQ","CMCBeta","pBeta"
"p",0.335,0.1126,0.0112,0.0395,0.0709,0.0874,41.6249601109956,8.57261059190031,-41.6249601109956,-8.57261059190031,124.978721503633,12.7659931278642,-0.266779674981104,0.173791104426644
"p",0.8294,0.9373,0.5402,0.7571,0.9159,0.8861,9.40929832167949,0.434331464174455,9.40929832167949,0.434331464174455,19.3805591661144,3.28751510191432,-0.0508566402116402,0.798124157773622
"p",0.2664,0.8938,0.5174,0.4126,0.418,0.336,48.9574792335334,0.739721713395638,-48.9574792335334,-0.739721713395638,20.5208807048734,5.96521338793254,-0.127313847316705,0.524503180812764
"p",0.3827,0.5456,0.3,0.2453,0.3829,0.3025,37.8806154410097,3.30545644859813,-37.8806154410097,-3.30545644859813,33.7129398785307,7.92601686494564,-0.0753920294784582,0.708168699016285
"p",0.0045,0.0046,0.0578,0.1219,0.0084,0.0113,125.126411484427,15.2709034267913,125.126411484427,15.2709034267913,79.8708397502618,10.2561685553053,0.450995340136055,0.0265120597218104
"p",0.1808,0.5271,0.5578,0.5814,0.292,0.3219,55.5448272795525,3.26446168224299,55.5448272795525,3.26446168224299,17.329709432126,4.34768695915605,0.168398030990174,0.38379020143599
"p",0.8845,0.8244,0.3385,0.1538,0.255,0.382,6.34566386012997,1.21506476635514,-6.34566386012997,1.21506476635514,29.8954000344408,9.08735229201117,0.00358434618291781,0.985678659336717
"p",0.9777,0.5677,0.5547,0.8662,0.9724,0.9797,1.24412407174766,3.102103894081,-1.24412407174766,3.102103894081,18.7387971915223,2.48146092666175,0.123334958427816,0.531709490420314
"p",0.2978,0.517,0.8363,0.6502,0.4526,0.4701,46.999786157229,3.57530398753894,-46.999786157229,-3.57530398753894,9.59035437724106,4.24666322351029,-0.0866970068027214,0.671715318032793
"p",0.8829,0.7633,0.4284,0.1369,0.2281,0.3608,6.41673006804636,1.54157912772586,6.41673006804636,1.54157912772586,22.6548120702944,8.65091462402501,0.0348267422524566,0.8545581156733
"p",0.1138,0.2998,0.6542,0.4624,0.19,0.2128,71.2236976804029,5.86655130841121,71.2236976804029,5.86655130841121,15.9390022861891,5.76700601808127,0.25601410808768,0.212758752448064
"p",0.2857,0.556,0.2362,0.0405,0.0723,0.0862,47.887481740572,3.29231451713395,-47.887481740572,-3.29231451713395,41.9875477135958,13.7608355939439,-0.219743231292517,0.282711139828385
"p",0.2334,0.3258,0.2084,0.1365,0.2294,0.157,52.4972800161149,5.47114127725857,52.4972800161149,5.47114127725857,43.0966424035957,9.63209009943407,0.186417588813303,0.356917246042606
"p",0.7067,0.2932,0.1397,0.7387,0.8805,0.8148,16.6208906662638,5.80502579439252,-16.6208906662638,-5.80502579439252,52.6789382274092,3.34543156915507,-0.198208786848073,0.320270485916137
"p",0.326,0.2665,0.4785,0.5672,0.4954,0.4629,43.1993507032047,6.10501644859813,43.1993507032047,6.10501644859813,23.0794460467176,4.85904757840006,0.218207105064248,0.27831100928722
"p",0.2676,0.278,0.6872,0.8206,0.4181,0.5125,47.7868879340788,5.89631308411215,47.7868879340788,5.89631308411215,13.5589247907766,2.68735723522348,0.191585684051399,0.328019056807342
"p",0.9669,0.7652,0.5266,0.5338,0.728,0.8088,1.87106550128821,1.65276884735203,1.87106550128821,-1.65276884735203,20.8261090518,5.11540025395775,-0.0267514625850341,0.895082612401637
"p",0.8578,0.8109,0.4684,0.337,0.5106,0.6023,7.56411512584767,1.22955246105919,-7.56411512584767,1.22955246105919,21.338802224652,6.24397922630584,0.035596284958428,0.852909792868971
"p",0.8762,0.3952,0.1656,0.7357,0.9,0.896,6.57150838163637,4.69952632398754,-6.57150838163637,-4.69952632398754,49.8967513818443,3.58735890198486,-0.170197770219199,0.395596392841785
"p",0.7977,0.6976,0.3814,0.4022,0.591,0.6365,12.1763301321586,2.21042566978193,-12.1763301321586,-2.21042566978193,29.3770894484206,6.44575741792726,-0.111902671957672,0.587632977538075
"p",0.0205,0.035,0.2267,0.2326,0.0366,0.0471,103.224379862512,11.7216813084112,103.224379862512,11.7216813084112,42.136252802175,8.42144113412402,0.377854191232049,0.0652279934780698
"p",0.6422,0.2807,0.2765,0.0718,0.124,0.1972,20.3374376527631,6.00840704049844,20.3374376527631,6.00840704049844,34.6769114623906,11.0616266770629,0.207824429327287,0.295341611817774
"p",0.2759,0.4496,0.8234,0.6393,0.4271,0.4497,46.7529275672479,4.1024283800623,46.7529275672479,4.1024283800623,9.39480364216123,3.95682844792679,0.126074410430839,0.518175009523555
"p",0.8984,0.944,0.5444,0.8609,0.9685,0.9537,5.7315398573423,0.381558691588785,5.7315398573423,-0.381558691588785,19.6088608553638,2.50046515509041,-0.00874133786848095,0.965162710754831
"p",0.6265,0.5675,0.1487,0.2398,0.3816,0.4076,20.7511644959467,3.07968289719626,-20.7511644959467,-3.07968289719626,47.5643736279836,7.39983971370119,-0.143994452003024,0.459775307539184
"p",0.6093,0.4303,0.6648,0.8498,0.8033,0.8137,20.9803047754824,4.10168548286604,20.9803047754824,4.10168548286604,13.3643141042943,2.32847810481093,0.167758522297808,0.373848325005893
"p",0.1083,0.1006,0.247,0.6997,0.1845,0.2687,72.0659695446045,9.22311485981308,-72.0659695446045,-9.22311485981308,40.3638520527407,4.06085599834726,-0.378910547996977,0.0652716833075453
"p",0.4688,0.4233,0.708,0.8442,0.6639,0.7107,32.8997534600012,4.65371473520249,32.8997534600012,4.65371473520249,14.8631886634645,2.99731331165066,0.133998972033258,0.520888545532995
"p",0.5212,0.9284,0.4056,0.7777,0.7217,0.7206,28.8637658447492,0.50416660436137,28.8637658447492,0.50416660436137,28.3234850731056,3.53244064745641,0.122883767951625,0.552643780143183
"p",0.4722,0.3629,0.4431,0.4552,0.65,0.5072,31.7039041611356,5.02325165109034,31.7039041611356,5.02325165109034,24.7610584975127,5.85396865154252,0.211597142857143,0.297064545313284
"p",0.5643,0.7795,0.2918,0.1571,0.2595,0.2957,25.6148248135026,1.55448476635514,25.6148248135026,1.55448476635514,35.756224128723,9.83328012466784,0.0615382312925172,0.765577875794137
"p",0.495,0.4588,0.304,0.1696,0.2819,0.2873,29.5474654610107,4.06809548286604,29.5474654610107,4.06809548286604,33.3412598196759,8.87223213247791,0.160517218442933,0.41999729801007
"p",0.2438,0.4243,0.8787,0.6688,0.3828,0.4247,51.5652763189001,4.34591607476635,-51.5652763189001,-4.34591607476635,7.82884290793608,4.08227022524038,-0.244269470899472,0.227506658613155
"p",0.0545,0.1467,0.2547,0.208,0.0954,0.0804,86.463592582551,8.11180747663551,86.463592582551,8.11180747663551,38.7671289217259,8.83669399656303,0.217588087679517,0.285930250341856
"p",0.6872,0.5938,0.1007,0.2591,0.4081,0.4535,17.8646933912593,3.05607644859813,17.8646933912593,-3.05607644859813,66.6395333690055,8.21962350490228,-0.0963431632653064,0.642015166493227
"p",0.1895,0.1816,0.409,0.3875,0.302,0.2624,58.7624690906603,7.46109118380062,58.7624690906603,7.46109118380062,26.7938692040572,6.40972562688156,0.332826379440666,0.100123167784437
"p",0.9607,0.7031,0.5866,0.9326,0.9906,0.9882,2.1020250056015,2.15752429906542,-2.1020250056015,-2.15752429906542,19.4178898681231,1.94668792937985,-0.100789535147392,0.626428066447884
"p",0.4998,0.9157,0.3295,0.09,0.1527,0.1926,29.9187114397053,0.576860373831776,29.9187114397053,0.576860373831776,32.3426939045348,11.2914222236048,0.0838948941798939,0.680603986284081
"p",0.023,0.0677,0.0864,0.008,0.0144,0.0064,95.4089631886397,9.43025302180686,95.4089631886397,9.43025302180686,60.14154011615,16.0656661641614,0.301557876039305,0.111861936411308
"p",0.4128,0.6566,0.8534,0.8153,0.6013,0.6526,35.6609509878823,2.42449526479751,-35.6609509878823,-2.42449526479751,8.72594181697818,2.82258134899942,-0.0241956349206353,0.904058841956058
"p",0.6738,0.5705,0.4783,0.5181,0.7174,0.668,20.0530476039836,3.24633514018691,20.0530476039836,3.24633514018691,24.5344706667304,5.73109460434119,0.040457067271353,0.847722502644875
"p",0.9911,0.5147,0.0374,0.0301,0.0552,0.1502,0.476269375628782,3.41214769470405,0.476269375628782,-3.41214769470405,83.1488256491313,12.7125219584466,-0.22292201814059,0.240282515831588
"p",0.4076,0.3387,0.6028,0.8627,0.5935,0.6664,35.25966373446,5.14813127725857,35.25966373446,5.14813127725857,16.3679546303699,2.44005699950383,0.0806161829176117,0.679540277704571
"p",0.1355,0.4533,0.2258,0.0953,0.1613,0.0866,62.3994156710584,3.96539959501558,62.3994156710584,3.96539959501558,36.9696919820936,9.77885915344939,0.188445971277401,0.327993360323483
"p",0.2188,0.5909,0.5577,0.3318,0.3493,0.2586,52.0607776167814,2.88036903426791,-52.0607776167814,-2.88036903426791,17.9096846862164,6.41836920814241,-0.172939595616024,0.372652680005391
"p",0.6751,0.8489,0.1367,0.1855,0.2961,0.3619,18.8527097683582,1.04901283489096,18.8527097683582,1.04901283489096,55.0167122973473,9.16771089497486,-0.00994161753590366,0.961263354886779
"p",0.3364,0.0864,0.0386,0.0622,0.1092,0.1184,40.3348752471006,9.032183894081,40.3348752471006,9.032183894081,81.9342001482557,10.9115500830232,0.25503634920635,0.183696992843024
"p",0.9167,0.7616,0.988,0.9952,0.9866,0.9916,4.30102651553742,1.60529239875389,-4.30102651553742,-1.60529239875389,2.65252014378251,0.579573969863602,-0.0572663832199551,0.769496540968414
"p",0.7015,0.2907,0.1904,0.7101,0.8774,0.7961,17.4143043195714,6.11222641744548,17.4143043195714,6.11222641744548,49.7682601666431,4.01226590974537,0.228174750566894,0.274210385115952
"p",0.2955,0.363,0.5397,0.5312,0.4539,0.416,44.8042027405972,4.94105161993769,44.8042027405972,4.94105161993769,19.0324543581631,4.7788096591608,0.14869358276644,0.448029721775623
"p",0.8062,0.3759,0.3048,0.0445,0.0785,0.1667,10.8239445280587,4.83834451713396,10.8239445280587,4.83834451713396,32.9372258484067,12.6070753274272,0.109283321995465,0.580697444983831
"p",0.6106,0.4698,0.1223,0.0201,0.0377,0.0854,20.9509879326145,3.73828358255452,20.9509879326145,3.73828358255452,52.7398649959966,13.6072907750327,0.111023337112623,0.566998245286028
"p",0.4227,0.6495,0.2411,0.1459,0.2425,0.236,35.9188872747195,2.56195760124611,35.9188872747195,2.56195760124611,40.2536294290956,9.66604949868392,0.0386482388510959,0.850394016619568
"p",0.8348,0.8328,0.7594,0.5794,0.7784,0.7894,8.99316442823728,1.15765785046729,-8.99316442823728,1.15765785046729,10.8050393827995,4.30088856022793,-0.00795001889644752,0.966546715262597
"p",0.0634,0.3267,0.3993,0.0971,0.1099,0.0572,78.9349935274339,5.28321735202492,78.9349935274339,5.28321735202492,25.9643385547576,10.5157588875416,0.259564297052155,0.192475451227247
"p",0.1577,0.2324,0.6279,0.6841,0.2588,0.3307,61.4174402349427,6.51550174454829,61.4174402349427,6.51550174454829,16.4002820310069,3.91547737836517,0.177667755102041,0.373172461521888
"p",0.8855,0.8881,0.2389,0.482,0.6822,0.7418,6.52957113469889,0.76289398753894,6.52957113469889,-0.76289398753894,38.9231693463012,5.35524519229496,-0.0639075434618292,0.749269550537351
"p",0.9242,0.9988,0.6969,0.5162,0.7078,0.7775,4.26015059429387,0.0101998753894086,4.26015059429387,0.0101998753894086,14.401631679281,5.31881121592036,0.00423747921390783,0.983480372565241
"p",0.5266,0.3282,0.4719,0.3781,0.5608,0.4792,28.5418735115499,5.49625626168224,28.5418735115499,5.49625626168224,23.7688901323651,6.59130544607466,0.151361130007559,0.45822197048794
"p",0.8443,0.6313,0.5606,0.3352,0.5093,0.5972,8.46646432679397,2.52074448598131,8.46646432679397,2.52074448598131,17.2459659337466,6.15713944663233,0.0570728873771732,0.763329113973914
"p",0.0829,0.089,0.1708,0.1049,0.1433,0.067,76.2814524167963,9.39266295950156,76.2814524167963,9.39266295950156,49.0325778239,10.689076832103,0.288428711262284,0.156847038600215
"p",0.8689,0.6579,0.6498,0.6345,0.8258,0.8379,7.36650821113307,2.42782193146417,7.36650821113307,2.42782193146417,15.4221970377882,4.27427171536001,0.113255544217687,0.569619515958613
"p",0.7132,0.7925,0.8702,0.632,0.8199,0.759,15.516989860238,1.43564925233645,15.516989860238,1.43564925233645,7.78496270303715,4.06363525080834,0.0908998979591838,0.643227520826456
"p",0.3985,0.4887,0.8673,0.5878,0.5856,0.5344,35.2660855583956,3.6030491588785,-35.2660855583956,-3.6030491588785,7.63831250805906,4.2423303625806,-0.0774504459561604,0.683584816365485
"p",0.9587,0.6848,0.343,0.2679,0.4134,0.5548,2.28916559563184,2.1609069470405,2.28916559563184,2.1609069470405,29.0828292210478,7.19271784265842,0.0474954383975814,0.808915841353176
"p",0.6483,0.9947,0.8377,0.7529,0.8338,0.7889,21.3219033257502,0.0434001246105926,-21.3219033257502,-0.0434001246105926,9.9936588839969,3.65585188705115,-0.0533860241874529,0.798861838127622
"p",0.3573,0.423,0.576,0.389,0.5355,0.3908,40.8517581732119,4.47050180685358,40.8517581732119,4.47050180685358,18.9328750617795,6.47161283354979,0.107181636432352,0.59589499979537
"p",0.1757,0.3288,0.3857,0.202,0.2848,0.166,61.4786742863627,5.44349442367601,61.4786742863627,5.44349442367601,28.3369519776787,8.69591907628669,0.1832418707483,0.367116565129939
"p",0.1581,0.054,0.1294,0.2783,0.2571,0.191,58.3169118630086,10.0802162305296,58.3169118630086,10.0802162305296,50.6605960514931,6.9119415903544,0.349869973544974,0.0698419434968059
"p",0.312,0.1743,0.2855,0.3652,0.4752,0.3421,44.1792665707418,7.52931909657321,44.1792665707418,7.52931909657321,35.3284693919174,6.56911299000723,0.254983068783069,0.204742180912449
"p",0.5237,0.7466,0.6664,0.7396,0.7169,0.6983,26.957120836284,1.72096862928349,26.957120836284,1.72096862928349,14.0963741387584,3.27679806313458,0.019904731670446,0.918945765816889
"p",0.3004,0.6355,0.7148,0.5588,0.4576,0.4344,44.4316332435405,2.59069127725857,-44.4316332435405,-2.59069127725857,12.7603915890845,4.63408602899077,-0.124631356764929,0.528137236575964
"p",0.6097,0.6707,0.8354,0.8787,0.8039,0.828,22.071557697194,2.36307813084112,22.071557697194,2.36307813084112,9.61873189661558,2.4726873348931,0.0480297996976577,0.812336292741889
"p",0.4904,0.5121,0.4291,0.3763,0.5612,0.4601,31.8749137327295,3.82993386292835,31.8749137327295,3.82993386292835,28.1292452795965,7.03417910412909,0.0766734807256239,0.713714089822678
"p",0.9036,0.7682,0.4537,0.356,0.53,0.6352,5.45102077387891,1.68627906542056,5.45102077387891,1.68627906542056,25.8502262585086,7.22558251820014,-0.0103939304610734,0.96062983665949
"p",0.3161,0.1919,0.271,0.752,0.4812,0.5383,46.477014820841,7.53833809968847,-46.477014820841,-7.53833809968847,38.8493267105702,3.76983842841933,-0.227645419501134,0.275193698575473
"p",0.8582,0.6224,0.1823,0.3858,0.5714,0.6521,8.09867894981531,2.74926339563863,-8.09867894981531,-2.74926339563863,48.3211792127994,6.47901646675138,-0.178848144368859,0.380044725240606
"p",0.3441,0.2186,0.3894,0.4414,0.5163,0.4105,42.0209487357639,6.93266021806854,42.0209487357639,6.93266021806854,28.7782580415414,5.98480834393747,0.294102101284959,0.150424135812469
"p",0.0932,0.1216,0.2185,0.2969,0.1603,0.1433,73.6488797925034,8.67108109034268,-73.6488797925034,-8.67108109034268,43.0359616207267,7.38386764641239,-0.355280563114135,0.0787906569764283
"p",0.4361,0.4913,0.0441,0.008,0.0145,0.0394,33.2903534660631,3.68239168224299,-33.2903534660631,-3.68239168224299,83.8226891846895,17.5763271083517,-0.169212864701437,0.393582599599391
"p",0.141,0.1607,0.4338,0.5175,0.2357,0.2616,63.9460877515121,7.66997364485981,63.9460877515121,7.66997364485981,24.8073392651365,5.16574840866846,0.243711455026456,0.220684193199024
"p",0.2831,0.6058,0.9679,0.7678,0.4346,0.505,48.0570815917825,2.92263872274143,-48.0570815917825,-2.92263872274143,4.50351341537392,3.53251956562761,-0.0637242290249434,0.755983359883455
"p",0.48,0.5738,0.3132,0.1543,0.2507,0.265,29.7096696545601,3.02106355140187,29.7096696545601,3.02106355140187,29.7291635292784,8.45572503928107,0.0322416402116401,0.866764895132314
"p",0.6687,0.8103,0.4031,0.865,0.8552,0.856,19.7031975127917,1.34238140186916,19.7031975127917,-1.34238140186916,27.9234917746466,2.82026033560573,-0.0710076757369614,0.728503058354537
"p",0.8768,0.7021,0.3965,0.3026,0.4641,0.5717,7.28440859600375,2.28582962616823,7.28440859600375,-2.28582962616823,30.362721239003,8.02990009664857,-0.101629599395314,0.631832241654752
"p",0.1427,0.5263,0.3328,0.3605,0.2359,0.2081,65.3886815712363,3.56192943925234,65.3886815712363,3.56192943925234,32.5884498885331,6.7941120569496,0.184114538926682,0.371927822267595
"p",0.9023,0.5292,0.1964,0.5199,0.7167,0.7742,5.44554695145135,3.43307333333333,5.44554695145135,-3.43307333333333,44.8409873028222,5.23101339824317,-0.135210634920635,0.505159719423264
"p",0.7329,0.5751,0.5141,0.6158,0.8053,0.7541,14.715314660169,3.05807121495327,14.715314660169,3.05807121495327,19.9533890669068,4.24242572787011,0.110899659863946,0.574706647129437
"p",0.2359,0.6036,0.247,0.0295,0.0535,0.0586,51.51571538469,2.8841361682243,51.51571538469,2.8841361682243,38.1631219787485,13.8599796908315,0.182048571428572,0.362510176511586
"p",0.9065,0.5322,0.1187,0.0516,0.0921,0.1984,5.15950801820018,3.4640215576324,-5.15950801820018,3.4640215576324,56.4785583634606,12.1847869230208,0.119731572184429,0.550015257907439
"p",0.4475,0.4998,0.3586,0.304,0.4627,0.3829,35.9993700401406,3.96804968847352,-35.9993700401406,-3.96804968847352,34.1497792076973,8.26725482447644,-0.193160325018897,0.367987349129861
"p",0.4171,0.3345,0.182,0.1069,0.1824,0.194,33.9695245712769,5.15532956386293,33.9695245712769,5.15532956386293,42.1304805125386,9.50220322059063,0.111161708238851,0.565317152701173
"p",0.0599,0.0636,0.111,0.0883,0.1047,0.0511,87.198639013063,10.684615576324,-87.198639013063,-10.684615576324,65.6620453896603,12.3545533356681,-0.380911383219956,0.0704144843586181
"p",0.8182,0.9748,0.7765,0.8574,0.9488,0.9243,9.31964489198792,0.153980342679128,-9.31964489198792,-0.153980342679128,9.85805558778325,2.24493588136258,0.0496298790627362,0.787833683253189
"p",0.9696,0.8068,0.3058,0.6364,0.828,0.8811,1.55912342097303,1.42521881619938,1.55912342097303,-1.42521881619938,35.4146314698033,4.60691263708499,-0.10594843159486,0.60925808192467
"p",0.4382,0.3212,0.2589,0.1971,0.3182,0.2898,35.5962301161034,5.73598548286604,-35.5962301161034,-5.73598548286604,39.5406777017616,8.97439323154008,-0.251760396825398,0.224145485087172
"p",0.1129,0.1135,0.2372,0.1336,0.1893,0.0981,70.9326348001367,8.90598595015576,70.9326348001367,8.90598595015576,41.2902732952442,10.5409332783378,0.246931470143614,0.235828053320199
"p",0.8072,0.9023,0.7747,0.9197,0.9428,0.9415,11.2729190050161,0.717377289719626,11.2729190050161,0.717377289719626,12.3229824358253,2.11028690013818,0.0593630612244899,0.777120419776841
"p",0.3585,0.6773,0.0443,0.0123,0.0225,0.045,41.2263324000707,2.34598196261682,41.2263324000707,2.34598196261682,89.8624143677462,16.673368712211,0.01888649281935,0.926570178645907
"p",0.2417,0.0715,0.0483,0.0275,0.049,0.0566,53.689185872118,10.3369174766355,53.689185872118,10.3369174766355,90.2827990444858,14.8770473422676,0.309820793650794,0.140755416576525
"p",0.9845,0.5492,0.4227,0.81,0.9419,0.9622,0.786471238177716,3.23214489096573,-0.786471238177716,-3.23214489096573,23.8227761543451,2.73878471799302,-0.167068760393046,0.383350355553514
"p",0.4731,0.5385,0.5698,0.4614,0.6509,0.504,31.5420671969315,3.38253853582554,-31.5420671969315,-3.38253853582554,18.7244133780232,5.51347088534049,-0.12740895313681,0.524841012952075
"p",0.3156,0.3392,0.4839,0.4654,0.4788,0.3982,44.535592195974,5.31071819314642,44.535592195974,5.31071819314642,23.4101120024692,5.83483036815181,0.160708998488285,0.430770808272995
"p",0.8699,0.615,0.1899,0.0679,0.1171,0.2293,7.50233115578849,2.96894252336448,-7.50233115578849,2.96894252336448,49.5053640576876,12.8097103834059,0.135518382464097,0.519939130143802
"p",0.1299,0.2249,0.1641,0.0948,0.1613,0.0831,66.2965891320732,6.67709168224299,66.2965891320732,6.67709168224299,48.1852174628316,10.5855545375208,0.190329795918368,0.343018597014354
"p",0.5106,0.6156,0.8921,0.9213,0.7114,0.7804,27.1124701010955,2.59093180685358,27.1124701010955,2.59093180685358,6.691742451191,1.74980369737946,-0.00130326152683296,0.994573346092932
"p",0.5355,0.5619,0.1318,0.1503,0.2502,0.2781,27.1604413655388,3.15853442367601,-27.1604413655388,-3.15853442367601,53.5845838110606,9.07400425898663,-0.089134845049131,0.654208253160913
"p",0.7413,0.9502,0.3877,0.5953,0.7903,0.7524,13.5950043739488,0.344366947040498,13.5950043739488,-0.344366947040498,25.6873414970808,4.33029520781944,-0.0403006386999242,0.835672147903638
"p",0.9027,0.9818,0.6843,0.5398,0.7401,0.7916,5.51925230483516,0.130852741433022,-5.51925230483516,0.130852741433022,13.6821145587642,4.76364059334121,-0.0365986545729401,0.8509479741216
"p",0.2023,0.2161,0.5242,0.5773,0.3291,0.35,58.1410228565578,7.03342800623053,-58.1410228565578,-7.03342800623053,22.1478235144427,5.15424689660814,-0.245425328798186,0.236107624653597
"p",0.0639,0.0913,0.1853,0.0661,0.1114,0.0423,81.6470868038204,9.39445744548287,81.6470868038204,9.39445744548287,46.8525979835536,12.08914836916,0.31116171579743,0.125065223902131
"p",0.6837,0.1255,0.0461,0.0533,0.095,0.1651,19.1571794954711,8.87715289719626,19.1571794954711,8.87715289719626,96.5817294166706,13.7773148023945,0.194542448979592,0.370129668861971
"p",0.639,0.2696,0.1725,0.0926,0.1583,0.2286,20.4361631197609,6.00062339563863,20.4361631197609,6.00062339563863,46.3940397563234,10.5236399599557,0.113459659863946,0.567865805902715
"p",0.8957,0.505,0.1477,0.0325,0.0571,0.1452,5.70546395485671,3.66477323987539,5.70546395485671,3.66477323987539,49.8347147604309,12.9410418228582,0.134242494331066,0.499266540335816
"p",0.9769,0.5347,0.4954,0.351,0.5336,0.6639,1.25103470512247,3.48568401869159,1.25103470512247,3.48568401869159,23.3328850366401,7.02003842691908,0.105957426303855,0.60890549572751
"p",0.7374,0.8273,0.9479,0.9762,0.898,0.9321,15.0477293149279,1.19760386292835,15.0477293149279,1.19760386292835,5.20285346957566,1.1997259790824,-0.00956544595616038,0.962291619106503
"p",0.8332,0.6775,0.1587,0.0186,0.0336,0.0975,9.93578074082188,2.3558676635514,-9.93578074082188,2.3558676635514,52.1495413789977,15.2282409951209,0.0676757596371882,0.742767011090341
"p",0.0254,0.1277,0.2602,0.0709,0.0452,0.0277,101.723039352454,8.69494323987539,-101.723039352454,-8.69494323987539,39.0882933516038,12.6659831051318,-0.380544281934997,0.0654268942607686
"p",0.0925,0.2655,0.5052,0.1971,0.1592,0.1074,78.0055674791286,6.47418676012461,78.0055674791286,6.47418676012461,24.0790699422384,9.58931848714609,0.230642063492064,0.276775827435338
"p",0.5985,0.8133,0.3995,0.036,0.0639,0.1216,21.7483890614031,1.22550866043614,-21.7483890614031,1.22550866043614,25.1341468261346,12.1222379305359,0.0403115797430083,0.835429075486098
"p",0.406,0.6509,0.3286,0.1419,0.2329,0.2246,37.3486860414893,2.51638601246106,-37.3486860414893,-2.51638601246106,34.1564790650488,10.08005731287,-0.119592603930461,0.563361400403668
"p",0.6746,0.9747,0.5495,0.4862,0.6872,0.6441,18.6051914835661,0.183710280373831,-18.6051914835661,-0.183710280373831,20.352981749862,5.67899620811063,0.0292910128495844,0.885692858507959
"p",0.2713,0.3187,0.0927,0.0207,0.0367,0.0525,49.4941554611488,5.59460903426791,-49.4941554611488,-5.59460903426791,66.5800845270369,15.1543361371033,-0.275411303854876,0.175227149761114
"p",0.3253,0.4003,0.2188,0.1148,0.1952,0.174,43.0657040117796,4.61036585669782,43.0657040117796,4.61036585669782,42.0586636069239,10.3281650223555,0.0878047127739985,0.66408108212883
"p",0.7395,0.625,0.8936,0.9628,0.9014,0.9297,15.1249379195256,2.69099274143302,15.1249379195256,2.69099274143302,7.43612898263837,1.35568985170864,0.0774210468631898,0.697808041428695
"p",0.0994,0.1833,0.373,0.2935,0.1669,0.1465,73.2184191870671,7.49870171339564,73.2184191870671,7.49870171339564,30.1200230745893,7.58082721081967,0.23018306500378,0.26136938214289
"p",0.8142,0.7705,0.3667,0.102,0.1686,0.2785,10.4975981426733,1.6332845482866,10.4975981426733,1.6332845482866,30.1387245814455,11.1929748523449,0.0122825396825397,0.952278563353603
"p",0.898,0.4275,0.2163,0.2184,0.3478,0.4744,5.62795777929166,4.49978816199377,5.62795777929166,4.49978816199377,43.7235505174699,8.59675628109926,0.084651636432351,0.679618071095335
"p",0.7197,0.8977,0.2729,0.0424,0.0741,0.1461,16.0731209901754,0.732740872274142,-16.0731209901754,0.732740872274142,37.998634055814,14.0239044670037,-0.0419798904006048,0.839482160995466
"p",0.8612,0.9279,0.2513,0.1763,0.2884,0.41,7.36608089051342,0.496501869158878,7.36608089051342,0.496501869158878,35.6228556476249,8.04071914366064,0.0164694444444446,0.93207907834972
"p",0.0033,0.003,0.0397,0.0525,0.006,0.0066,126.367106332496,15.9085703115265,126.367106332496,15.9085703115265,84.5574127053665,11.7299151033828,0.513680219198791,0.00791921241854813
"p",0.2352,0.3898,0.1153,0.01,0.0182,0.0336,53.7348490412062,4.82211059190031,-53.7348490412062,-4.82211059190031,63.9884095029783,23.8064095360989,-0.243859191232049,0.245263366881904
"p",0.019,0.0787,0.3459,0.2133,0.0343,0.0418,106.271914536414,9.96647146417446,106.271914536414,9.96647146417446,32.1728106798634,8.99170809610314,0.321054089191233,0.125209137105566
"p",0.05,0.1286,0.6913,0.6204,0.0869,0.1542,86.6552945615005,8.44693336448598,86.6552945615005,8.44693336448598,14.1225410453852,4.39155673230372,0.250296712018141,0.220078251950386
"p",0.9351,0.5507,0.3607,0.7277,0.8913,0.9105,3.53133073117031,3.28753320872274,-3.53133073117031,3.28753320872274,29.9233247902312,3.63310061100321,0.0448040665154952,0.824651612207683
"p",0.611,0.8805,0.047,0.0164,0.0292,0.0731,23.1048120190159,0.825389688473519,23.1048120190159,0.825389688473519,86.6398153041403,14.7724254992528,-0.0499925245653818,0.806415576068155
"p",0.0205,0.0675,0.2545,0.1439,0.0376,0.036,101.117622013747,10.1441671339564,101.117622013747,10.1441671339564,39.1082133300561,9.99945049195779,0.364775196523055,0.0740291380262512
"p",0.4243,0.4328,0.2767,0.1376,0.2309,0.2274,34.7040423922956,4.25907436137072,34.7040423922956,4.25907436137072,34.7910568067531,9.36597097144004,0.203682237339381,0.304554846124534
"p",0.0142,0.2017,0.5486,0.0901,0.0256,0.0218,111.935549950277,7.32400202492212,111.935549950277,7.32400202492212,21.5530051588979,11.8120251755634,0.302724848828421,0.150755517070996
"p",0.9539,0.6822,0.3916,0.3435,0.5154,0.6407,2.28178737889314,2.08897236760125,-2.28178737889314,2.08897236760125,25.1565102684696,6.18162352611378,0.0530130574451996,0.783499370520052
"p",0.5832,0.9996,0.9675,0.8938,0.7801,0.8165,22.6601116209489,0.00325909657320911,22.6601116209489,-0.00325909657320911,3.94655605398973,2.13086374035907,0.013960582010582,0.941830044891906
"p",0.2886,0.4115,0.1588,0.0822,0.1397,0.1297,47.2300359055214,4.61677171339564,47.2300359055214,4.61677171339564,51.4583560130762,11.6803232591468,0.0642465268329555,0.751858012010911
"p",0.1797,0.5589,0.4618,0.5258,0.2887,0.3034,61.1523782702905,3.32103950155763,61.1523782702905,3.32103950155763,25.5941204489324,5.53113750111925,0.152383771730915,0.4666954273504
"p",0.7958,0.8318,0.8081,0.8689,0.9346,0.9209,10.9379803819967,1.19556408099688,-10.9379803819967,-1.19556408099688,10.876994665703,2.6686467112212,-0.0553819614512473,0.78820307077293
"p",0.6482,0.6945,0.1159,0.0442,0.078,0.1456,20.2402187994797,2.20688361370717,20.2402187994797,2.20688361370717,60.5262289316898,13.475147238512,-0.0342257105064245,0.867628666957051
"p",0.1127,0.1239,0.4644,0.5624,0.1904,0.2396,72.377178111655,8.80130831775701,-72.377178111655,-8.80130831775701,24.9639504320372,5.24700261526116,-0.416986594860167,0.0430340991272951
"p",0.8701,0.387,0.1367,0.0476,0.0833,0.1866,6.76678305919703,4.56907856697819,6.76678305919703,4.56907856697819,51.2742679714533,12.0426793866654,0.111323382464097,0.570834312814906
"p",0.1392,0.1596,0.2009,0.0097,0.0177,0.0216,64.9981194373584,7.81399137071651,64.9981194373584,7.81399137071651,43.8064015020139,16.2364401320011,0.319144542705972,0.109050928618873
"p",0.4157,0.5026,0.723,0.4862,0.6008,0.4885,36.616383636417,3.78210193146417,36.616383636417,3.78210193146417,14.0242630647346,5.78090255682261,0.131411171579743,0.52519186453332
"p",0.6105,0.4759,0.1485,0.1791,0.2951,0.3393,21.851982840231,3.83904626168224,-21.851982840231,3.83904626168224,49.6220051045212,8.36513775370174,0.0576099622071051,0.769176802511483
"p",0.5068,0.5413,0.2547,0.0724,0.1263,0.1699,28.8708075406284,3.30535763239875,28.8708075406284,3.30535763239875,34.8004159330656,10.425084151929,0.188118681027967,0.333014114250322
"p",0.2245,0.2645,0.6461,0.615,0.356,0.3834,54.5721982146179,6.2597061682243,54.5721982146179,6.2597061682243,16.6694364686859,4.78138932434301,0.218272883597884,0.29493914418657
"p",0.675,0.4907,0.078,0.2933,0.4568,0.4787,17.5133428619567,3.63043133956386,17.5133428619567,-3.63043133956386,61.777407150476,6.60557785776293,-0.121804743008315,0.524092187967499
"p",0.8161,0.8296,0.8337,0.8491,0.9494,0.9202,9.94046146650161,1.17455152647975,-9.94046146650161,1.17455152647975,9.33069543944738,2.59714587852872,-0.0314469879062736,0.873734830454201
"p",0.1262,0.3512,0.4664,0.1789,0.2095,0.1245,65.7659927823379,5.00624719626168,65.7659927823379,5.00624719626168,22.3031377402846,8.45549727023385,0.171278303099018,0.383587719612572
"p",0.3826,0.5272,0.2062,0.0927,0.1564,0.1683,38.3100685840501,3.46088336448598,38.3100685840501,3.46088336448598,42.024542689902,10.5596173250401,0.0585418745275888,0.767298921572827
"p",0.1694,0.5413,0.3764,0.3937,0.2792,0.2451,60.1415290926683,3.31281018691589,60.1415290926683,3.31281018691589,27.8381565992916,6.09636193546833,0.101753613000756,0.61009234583729
"p",0.2933,0.3832,0.2507,0.0597,0.1032,0.1038,47.788280603557,4.9779776635514,47.788280603557,4.9779776635514,40.3521263603743,12.351535876924,0.200365060468632,0.334045790809945
"p",0.39,0.8951,0.2697,0.0573,0.0975,0.1242,37.8043771590064,0.73458937694704,-37.8043771590064,0.73458937694704,37.8861909132868,13.5052936800332,-0.0288603779289494,0.888097751581647
"p",0.1083,0.2052,0.3563,0.3529,0.1852,0.1707,68.1512927990664,6.78153629283489,68.1512927990664,6.78153629283489,27.7424912116539,6.19647118351977,0.201108866213152,0.299296300521332
"p",0.1581,0.3481,0.4134,0.4521,0.2608,0.2565,60.6954831189856,5.03414401869159,60.6954831189856,5.03414401869159,24.5081148886101,5.44781403825393,0.201972335600907,0.303689874542957
"p",0.1029,0.3852,0.417,0.411,0.1741,0.1867,67.6180117970409,4.51063327102804,67.6180117970409,4.51063327102804,23.3478090004473,5.52826096680346,0.172029765684052,0.369746004514762
"p",0.8876,0.2906,0.203,0.3867,0.5641,0.6565,6.2569030376596,5.81587411214953,6.2569030376596,5.81587411214953,42.6495997558707,6.05448192252257,0.113479822373394,0.570756442848393
"p",0.0629,0.2402,0.3015,0.0584,0.102,0.0406,82.7603345269821,6.54202364485982,-82.7603345269821,-6.54202364485982,33.7112056243953,11.7923939139223,-0.16898574452003,0.400508633209846
"p",0.3236,0.1064,0.1787,0.2537,0.3994,0.2826,44.4499177520201,9.00170280373831,44.4499177520201,9.00170280373831,48.2820145707491,8.31877376215414,0.237322993197279,0.25120125905548
"p",0.0164,0.0532,0.1688,0.0114,0.0211,0.0071,105.971387990494,10.6909899688474,105.971387990494,10.6909899688474,49.6511230361722,15.9166204243755,0.370022241118671,0.069569931441983
"p",0.7866,0.9194,0.043,0.0615,0.1077,0.2022,11.5280357512073,0.523518255451711,11.5280357512073,-0.523518255451711,82.5857240263066,12.1804591023902,-0.0297031783824642,0.880579150312592
"p",0.8348,0.7707,0.8976,0.8284,0.9538,0.9222,8.84071333730405,1.55543180685358,-8.84071333730405,-1.55543180685358,6.91642984323461,2.66779608776925,-0.0788941685563115,0.683830894782169
"p",0.7239,0.9541,0.8642,0.8718,0.8896,0.8873,15.9767662569098,0.321413364485982,15.9767662569098,-0.321413364485982,8.72561192216275,2.59152999698448,-0.0119677588813303,0.952981127018306
"p",0.7944,0.9244,0.644,0.64,0.8277,0.8063,11.4639171227682,0.514966417445483,-11.4639171227682,-0.514966417445483,16.1500155200985,4.32729360773967,-0.116263102796675,0.566474527834462
"p",0.8484,0.8426,0.974,0.9814,0.9628,0.9735,8.4203149490089,1.0919845482866,8.4203149490089,1.0919845482866,3.79701364905358,1.10737897363451,-0.00377109977324277,0.984868143915695
"p",0.6417,0.7564,0.1534,0.2865,0.443,0.4613,19.8910254860717,1.69342124610592,19.8910254860717,-1.69342124610592,49.5840677065484,7.129992004784,-0.120553533635677,0.544267077043641
"p",0.4817,0.6127,0.3752,0.3596,0.5302,0.4403,31.1179055413798,2.84215258566978,31.1179055413798,2.84215258566978,29.7666902816142,6.82597623787971,0.0869413832199549,0.671269318792384
"p",0.4457,0.9509,0.7076,0.7424,0.6397,0.6463,33.1941302585693,0.310277196261682,33.1941302585693,-0.310277196261682,13.959812142364,3.53969874071684,-0.0403120823885112,0.842267557796373
"p",0.865,0.4021,0.0102,0.0394,0.0703,0.1586,7.55153690599127,4.78436819314642,7.55153690599127,-4.78436819314642,144.59545600766,14.3337344902391,-0.169569860166289,0.423562081582448
"p",0.1131,0.2629,0.4134,0.2718,0.1877,0.1533,73.240284072785,6.48749887850467,-73.240284072785,-6.48749887850467,29.1924285167735,8.26893068194588,-0.326276666666667,0.122123533308966
"p",0.7346,0.6502,0.2437,0.3923,0.5729,0.5947,14.8260417654678,2.53571411214953,-14.8260417654678,-2.53571411214953,40.0539620203959,6.34329840528901,-0.196929712773999,0.330487903910555
"p",0.2205,0.3165,0.3178,0.139,0.2288,0.1497,51.671883704087,5.41393015576324,51.671883704087,5.41393015576324,30.7690827217012,9.1552856763279,0.142143469387756,0.468305469864574
"p",0.4854,0.092,0.026,0.0326,0.0583,0.0981,32.1266811976429,9.81692348909657,32.1266811976429,9.81692348909657,115.224773037066,14.9935023270151,0.328513125472411,0.119035542471302
"p",0.0411,0.0106,0.0298,0.2745,0.0728,0.0824,85.3823189471942,13.6860278816199,85.3823189471942,13.6860278816199,93.7131882425118,6.94358246330108,0.448466058201059,0.0204515346827003
"p",0.409,0.5654,0.3882,0.1215,0.2057,0.2062,36.2673431338511,3.19421280373832,36.2673431338511,3.19421280373832,26.7309158149276,9.64005060726841,0.165530684051398,0.404684786011558
"p",0.2158,0.6764,0.4587,0.0997,0.1676,0.1198,55.3703289439248,2.28732323987539,-55.3703289439248,-2.28732323987539,24.7249319015153,11.1459881487232,-0.132152637944067,0.524315007944337
"p",0.7763,0.7016,0.8724,0.735,0.8996,0.8498,12.2437521924996,2.12467791277259,12.2437521924996,2.12467791277259,8.42301496264773,3.57235068286866,-0.00404485260770998,0.984261027170981
"p",0.2442,0.9468,0.1017,0.0472,0.0826,0.0829,51.2062284247201,0.392282367601246,51.2062284247201,0.392282367601246,62.439286670559,12.9397453073478,-0.0479676870748299,0.811372327225916
"p",0.9632,0.8282,0.6166,0.6613,0.8488,0.8932,1.71013576364164,1.15626604361371,-1.71013576364164,1.15626604361371,15.679186119907,3.8524247173076,-0.00557513983371123,0.976827871988533
"p",0.5793,0.1836,0.0039,0.0108,0.0202,0.0569,24.8893602889206,7.51417859813084,-24.8893602889206,-7.51417859813084,168.895975548415,17.8077407260071,-0.237333488284203,0.243740985350488
"p",0.1918,0.1575,0.1651,0.1323,0.222,0.1372,52.9794469057512,7.1916053271028,52.9794469057512,7.1916053271028,41.8797523457955,8.34942491845591,0.261965759637188,0.156937843408683
"p",0.9607,0.7682,0.666,0.7154,0.8841,0.9159,2.24767674649446,1.69314909657321,2.24767674649446,1.69314909657321,16.1871460453047,4.02930767545325,0.0784298337112624,0.706071806750158
"p",0.6125,0.9929,0.2333,0.4451,0.6346,0.578,21.9566143067634,0.0587110591900313,21.9566143067634,-0.0587110591900313,37.5605280844861,5.21185437184332,-0.0559025547996977,0.771765190907625
"p",0.8534,0.5556,0.2391,0.028,0.0494,0.1274,8.22141121273626,3.37526859813084,8.22141121273626,3.37526859813084,44.8040789914214,16.1834735929388,0.135639006046863,0.525094956913449
"p",0.6045,0.5866,0.0732,0.0853,0.1447,0.208,22.9729628088545,2.96852264797508,-22.9729628088545,-2.96852264797508,73.7397665186255,11.2658909579368,-0.156931383219955,0.439630035940388
"p",0.7684,0.7579,0.2026,0.0524,0.0924,0.1806,13.0758797964623,1.67814068535826,-13.0758797964623,1.67814068535826,45.7364103645423,12.7833831703851,0.0269836621315194,0.894701895612966
"p",0.4713,0.8193,0.5524,0.6781,0.6697,0.6342,31.7628574775238,1.26501691588785,31.7628574775238,1.26501691588785,19.5342716274112,4.0826516973539,-0.032050948601663,0.873618938565996
"p",0.5222,0.8419,0.189,0.062,0.1078,0.155,26.6001551151898,1.04077507788162,26.6001551151898,1.04077507788162,39.3165457427708,10.4603802351171,-0.0528173620559336,0.777713576247336
"p",0.2659,0.2312,0.1828,0.0553,0.0964,0.0955,46.5695085957514,6.2277046105919,46.5695085957514,6.2277046105919,41.5493491123574,10.9594084865024,0.16017104686319,0.400880344858875
"p",0.5111,0.9959,0.3528,0.6042,0.7119,0.6215,28.4063375123179,0.0244620872274148,28.4063375123179,0.0244620872274148,29.8942701882521,4.54040811312192,-0.0739713303099019,0.71458223443102
"p",0.024,0.3974,0.3752,0.0131,0.0237,0.0101,96.8909454813926,4.56635080996885,96.8909454813926,4.56635080996885,26.2920894018151,15.4831121073636,0.0917098261526836,0.637886295974556
"p",0.5741,0.2543,0.1667,0.2022,0.3252,0.3491,23.7219937846779,6.11200286604362,23.7219937846779,6.11200286604362,45.4924759628882,7.89446072635541,0.104591262282691,0.590276150616399
"p",0.03,0.0218,0.1297,0.3921,0.0533,0.0815,93.5611725749003,12.4745355451713,93.5611725749003,12.4745355451713,54.8843120095182,6.12667927774018,0.441958790627363,0.0264225276788093
"p",0.8601,0.8441,0.7837,0.881,0.9694,0.9489,8.62694487404316,1.20130464174455,8.62694487404316,1.20130464174455,12.5919738999795,2.78762653274468,0.0272775472411187,0.898265623780003
