"","pLW","pLU","pQU","pQH","pMin","pFisher","SW","SL","SWwin","SLwin","SC","SQ","CMCBeta","pBeta"
"p",0.6008,0.9886,0.1793,0.1689,0.279,0.3208,34.7349002564585,0.0592496573208723,34.7349002564585,-0.0592496573208723,22.7995476680057,15.1018343669473,-0.17890862745098,0.488402305252767
"p",0.9071,0.8005,0.8308,0.7161,0.8933,0.9063,7.71349848553704,1.12662809968847,7.71349848553704,1.12662809968847,8.76911736340415,7.29702426294597,0.115159568627451,0.659604310540381
"p",0.0413,0.0317,0.3658,0.5767,0.0736,0.1297,134.781594355838,9.54017520249221,134.781594355838,9.54017520249221,18.2725284226501,9.15304014298474,0.549309071895424,0.036210741891401
"p",0.1208,0.1283,0.1267,0.0813,0.1407,0.0729,102.37056457485,6.78620794392523,102.37056457485,6.78620794392523,26.6432673003362,18.8652155627938,0.412684104575163,0.118556115541666
"p",0.1921,0.1619,0.4609,0.386,0.3146,0.257,87.9630549516142,6.40027959501558,87.9630549516142,6.40027959501558,16.5222174328357,11.9342178502058,0.253122647058823,0.345225554205154
"p",0.1627,0.3299,0.1477,0.0586,0.1039,0.0731,89.7761454593416,4.23817271028037,89.7761454593416,4.23817271028037,23.747018003654,18.4779113814544,0.129809967320261,0.609831676298161
"p",0.0094,0.0066,0.0191,0.0061,0.0116,0.0028,163.142263100504,11.5030093457944,163.142263100504,11.5030093457944,37.678267401702,27.193973389347,0.533520307189541,0.041517278668297
"p",0.003,0.0019,0.0113,0.0079,0.0058,0.0019,185.473434856454,13.1233409034268,185.473434856454,13.1233409034268,39.6374178359058,25.8428418741381,0.658668483660129,0.0107122455032254
"p",0.3272,0.4059,0.9466,0.8635,0.4982,0.5976,65.8693239744373,3.73841283489097,65.8693239744373,3.73841283489097,6.31295601816423,5.84056466829877,0.106312470588235,0.692720936588806
"p",0.4107,0.5283,0.2905,0.1669,0.2748,0.25,51.9025404514402,2.7048315576324,51.9025404514402,2.7048315576324,17.9053610947617,13.8765730118003,0.0219344379084967,0.930045725112712
"p",0.001,0.0024,0.0205,0.0017,0.0019,2e-04,229.230881009627,13.8510276635514,229.230881009627,13.8510276635514,41.3629890562949,35.9397545854904,0.643720535947711,0.0168419087188359
"p",0.7541,0.708,0.806,0.6684,0.858,0.8103,21.4468942271006,1.73348735202492,21.4468942271006,1.73348735202492,9.94168423969145,8.38141536359706,0.10965245751634,0.683782595108037
"p",0,0,0.0025,0,0,0,270.651307390095,18.033105576324,270.651307390095,18.033105576324,50.0494227368605,39.0172761908365,0.877968542483659,0.000881702278971099
"p",0.01,0.0547,0.0039,6e-04,0.0011,0.0013,169.233180295825,8.51269177570093,169.233180295825,8.51269177570093,54.0343504834555,42.1357141887767,0.426285764705881,0.103617235678921
"p",0.0835,0.0944,0.0737,0.0282,0.0496,0.0286,115.148717093411,7.55646205607477,115.148717093411,7.55646205607477,30.0513897904362,22.6606093113063,0.28125425490196,0.287993032805956
"p",0.1548,0.0884,0.6012,0.8505,0.2546,0.375,92.7575016820009,7.50351663551402,92.7575016820009,7.50351663551402,12.6771191055729,5.4195859640462,0.467009581699346,0.0693165075444017
"p",0.011,0.008,0.076,0.1154,0.0206,0.0193,169.366046017567,12.1635772274143,169.366046017567,12.1635772274143,30.3797338212991,17.6608312570955,0.608564241830064,0.0219847486130999
"p",0.1129,0.1156,0.697,0.7276,0.1911,0.2817,99.2050321231293,6.66715489096573,99.2050321231293,6.66715489096573,10.6035145496318,6.83125400271143,0.371234189542483,0.140801296561992
"p",0.0823,0.0905,0.5173,0.3304,0.1439,0.1372,115.249615977587,7.56048629283489,115.249615977587,7.56048629283489,14.9797926245676,12.341215530181,0.436467457516339,0.0970665111959695
"p",0.4543,0.5665,0.488,0.2955,0.4607,0.3796,49.4946795957683,2.58472012461059,49.4946795957683,2.58472012461059,16.2263257920475,13.6429782947326,-0.00515084313725497,0.984860289510423
"p",0.0488,0.0413,0.1062,0.1411,0.0861,0.0601,132.340733730871,9.2706776635514,132.340733730871,9.2706776635514,28.6152134595706,16.9924071782443,0.540765555555555,0.0447047867290315
"p",0.1959,0.135,0.4832,0.6902,0.3166,0.382,85.9210279993174,6.66860171339564,85.9210279993174,6.66860171339564,15.3278136969728,7.88474233231142,0.315202359477124,0.227337035084889
"p",0.0297,0.0613,0.2092,0.089,0.0549,0.0313,140.191419706294,8.12029146417445,140.191419706294,8.12029146417445,21.427010455809,17.2993032139341,0.411954450980391,0.107781005170869
"p",0.0375,0.0201,0.1435,0.2947,0.0674,0.0786,135.345327212971,10.2268376635514,135.345327212971,10.2268376635514,25.1989224134398,12.9815912932279,0.578333045751633,0.0274039567571147
"p",0.0255,0.0712,0.1103,0.0252,0.0466,0.0136,143.149413932253,7.82331588785047,143.149413932253,7.82331588785047,25.7986664419129,21.0643930036527,0.452032620915032,0.0770314282388272
"p",0.1943,0.2207,0.0348,0.0124,0.0218,0.0301,79.9775315087431,5.05744735202492,79.9775315087431,5.05744735202492,32.0430201808715,24.4483821814894,0.139322928104575,0.574527818603303
"p",0.2375,0.3448,0.2772,0.0563,0.0982,0.0867,79.6398790397293,4.34489439252337,79.6398790397293,4.34489439252337,21.3609500550699,21.1144602211697,0.189014516339869,0.485398283380673
"p",0.0112,0.0151,0.0032,5e-04,0.001,7e-04,177.056406427113,11.323087258567,177.056406427113,11.323087258567,59.1004462436717,47.1375473324496,0.407048934640522,0.137544271717973
"p",0.0071,0.0145,0.1067,0.0353,0.0127,0.0075,183.957161808986,11.2367924922118,183.957161808986,11.2367924922118,28.8301047888992,22.356435225602,0.513535320261437,0.0585218122014794
"p",0.5301,0.4457,0.5141,0.4562,0.6535,0.5369,41.7148247013867,3.45254062305296,41.7148247013867,3.45254062305296,15.4741951766184,10.9980412573188,0.145731117647058,0.585228945673646
"p",0.5884,0.3817,0.0271,0.0477,0.0841,0.143,37.2657063513347,4.08601934579439,37.2657063513347,4.08601934579439,39.7388918899123,22.8756672217419,0.211720954248366,0.435171213358304
"p",0.6766,0.4204,0.305,0.4113,0.6053,0.5891,27.5060293331177,3.58123264797508,-27.5060293331177,-3.58123264797508,19.2836110929525,11.0938962080461,-0.334128993464052,0.201445088772804
"p",0.3175,0.3564,0.2207,0.0616,0.109,0.1146,65.8250063579353,4.11411299065421,65.8250063579353,4.11411299065421,22.5395608027375,20.4053849605461,0.129773947712418,0.62620882593112
"p",0.0398,0.0338,0.066,0.07,0.0708,0.0343,139.570534405028,9.62908093457944,139.570534405028,9.62908093457944,33.0979307609088,20.9320198511476,0.453420764705881,0.090417848298424
"p",0.035,0.0559,0.1361,0.0145,0.0263,0.012,146.545826236949,8.93499794392523,146.545826236949,8.93499794392523,27.1368198841651,25.6538198379446,0.454362352941176,0.0948153888075718
"p",0.0376,0.0359,0.0609,0.0435,0.0664,0.0248,138.880971470518,9.51154931464175,138.880971470518,9.51154931464175,32.6002832905902,22.1921134761264,0.441370267973855,0.0972890634904896
"p",0.9755,0.7929,0.1222,0.0832,0.1448,0.2779,2.51737499441118,1.24464803738318,2.51737499441118,-1.24464803738318,28.4640117861702,19.9778014478162,-0.242902960784313,0.372162438941001
"p",0.5368,0.4684,0.2586,0.3327,0.5049,0.4517,41.9693446846862,3.32503504672897,41.9693446846862,3.32503504672897,21.5156002222283,12.6988019290739,0.0496996928104574,0.852905337218838
"p",0.0696,0.0845,0.6621,0.6985,0.1215,0.2007,114.50829160763,7.34868246105919,114.50829160763,7.34868246105919,11.0462495349149,6.97705100899127,0.350573660130718,0.160061083360787
"p",0.0571,0.0801,0.0691,0.0613,0.0997,0.0371,125.873601758786,7.84489725856698,125.873601758786,7.84489725856698,30.730163705196,20.2199202548912,0.438486653594771,0.0959810977395473
"p",0.0023,0.0061,0.0088,0.0015,0.0028,7e-04,216.523293043414,12.9875743925234,216.523293043414,12.9875743925234,50.0013519128849,38.5817116060778,0.535078392156862,0.0527629913413213
"p",0.347,0.3194,0.557,0.6141,0.5171,0.4992,58.2054644589964,4.16964445482866,58.2054644589964,4.16964445482866,12.5509293021275,7.62547036068829,0.271621934640522,0.276662396261019
"p",0.0073,0.0037,0.0089,0.0235,0.014,0.0059,171.044357183639,12.504955576324,171.044357183639,12.504955576324,40.9588061816185,21.7068696570746,0.702771078431371,0.00588179907803088
"p",0.0119,0.0171,0.0642,0.0247,0.022,0.0096,157.268324116071,10.1319128660436,157.268324116071,10.1319128660436,28.4260736611353,21.3093633392763,0.467951450980391,0.0642244869074019
"p",0.022,0.0164,0.1508,0.093,0.0406,0.0266,146.889307976423,10.3714847040498,146.889307976423,10.3714847040498,23.1547275216932,16.9803407826165,0.55275048366013,0.029745505418064
"p",0.0246,0.0185,0.0614,0.0284,0.0447,0.0154,151.747562299631,10.6553599376947,151.747562299631,10.6553599376947,33.900212271157,25.197581174933,0.482918352941176,0.0720906496042558
"p",0.2099,0.3214,0.1694,0.0602,0.1038,0.0873,79.3320988306326,4.25717090342679,79.3320988306326,4.25717090342679,22.2335006634619,18.2574728706552,0.129940222222222,0.60692785122781
"p",0.8759,0.8972,0.8596,0.7784,0.93,0.9169,9.98520711434545,0.555879283489097,9.98520711434545,0.555879283489097,8.3441817233797,6.72099665513012,0.107346379084967,0.676151377607788
"p",0.1358,0.2232,0.1213,0.0204,0.0374,0.0337,102.851869058571,5.63284996884735,102.851869058571,5.63284996884735,28.3444345938657,25.4750818973582,0.231273196078431,0.399552464290532
"p",0.0075,0.0095,0.0154,0.0075,0.0125,0.0036,175.780987188111,11.4179985358255,175.780987188111,11.4179985358255,40.1311956530791,28.3537908333925,0.55466396732026,0.030850403835496
"p",0.0153,0.0159,0.2632,0.3459,0.0283,0.0509,155.30505181183,10.5352026479751,155.30505181183,10.5352026479751,20.1741838905746,11.8296468254495,0.586734313725489,0.0235965882623387
"p",0.0016,5e-04,0.0213,0.0272,0.0031,0.0024,195.976875032538,14.2020300311526,195.976875032538,14.2020300311526,34.7301816382987,20.7080208585858,0.739744810457515,0.00350924580009168
"p",0.0085,0.0202,0.2758,0.1032,0.0161,0.0153,173.004240476831,10.4328192834891,173.004240476831,10.4328192834891,21.3286083551355,17.9210471968539,0.527636784313724,0.0495330801959053
"p",0.35,0.3803,0.4373,0.2297,0.3681,0.2791,58.4791677576488,3.67865598130841,58.4791677576488,3.67865598130841,14.8094731826781,12.5299167153223,0.0409510915032679,0.869511311517549
"p",2e-04,2e-04,0.0026,6e-04,4e-04,1e-04,259.028763332254,16.8231125856698,259.028763332254,16.8231125856698,53.5283990956293,39.4925595979314,0.80184565359477,0.00206825597501465
"p",0.2454,0.228,0.0701,0.0243,0.0445,0.0535,76.1741754544868,5.2944468847352,76.1741754544868,5.2944468847352,29.7287948173817,22.7845114942958,0.32995625490196,0.208240980453045
"p",0.0061,0.007,0.3195,0.3642,0.0113,0.0315,180.144119352861,12.209962834891,180.144119352861,12.209962834891,19.1257202939122,11.7649137174441,0.668256888888888,0.0106462058001581
"p",0.0079,0.0054,0.1995,0.1666,0.0148,0.0192,175.573211382065,12.1708916510903,175.573211382065,12.1708916510903,23.7500229545912,16.1876576132806,0.648894875816992,0.0154277895443719
"p",0.4613,0.5655,0.4336,0.2824,0.4418,0.3738,48.3504042404637,2.54950953271028,48.3504042404637,2.54950953271028,17.2348595794646,13.7228699209132,0.068291065359477,0.79919038608092
"p",0.3538,0.5111,0.8183,0.778,0.54,0.5907,58.2638625913968,2.78473056074766,58.2638625913968,2.78473056074766,8.95701529772152,6.57787842629171,0.0728858758169933,0.769974004735337
"p",0.0496,0.1052,0.1108,0.0216,0.039,0.0183,131.489168260579,7.34354828660436,131.489168260579,7.34354828660436,27.6599690402915,24.2016445823255,0.43911896732026,0.101026975574544
"p",0.005,0.0065,0.1317,0.0872,0.0094,0.0104,178.914470829755,11.6557594080997,178.914470829755,11.6557594080997,25.2081222071022,17.6544678214517,0.589843490196077,0.0238002008513861
"p",0.0328,0.0461,0.1166,0.084,0.0591,0.0327,138.343023072262,8.72551990654206,138.343023072262,8.72551990654206,25.7901023311683,17.720022216521,0.491822470588234,0.0560239152723739
"p",0.3688,0.5749,0.1556,0.1506,0.2502,0.2157,56.9497444369672,2.39636635514019,56.9497444369672,2.39636635514019,21.9989036753915,14.4394876104353,0.141785183006536,0.57041548768899
"p",0.0044,0.0054,0.0859,0.0348,0.0086,0.0063,183.801392006881,12.0025754517134,183.801392006881,12.0025754517134,28.0233021095002,21.8589082310047,0.576847620915032,0.0249555977638163
"p",0.0133,0.0243,0.1353,0.132,0.024,0.025,168.890406765442,10.5086016510903,168.890406765442,10.5086016510903,28.1352340135971,18.0769824872941,0.520711673202613,0.0580652926287296
"p",0.239,0.2216,0.522,0.4389,0.3851,0.3319,78.5486218331632,5.56033105919003,78.5486218331632,5.56033105919003,15.3782419431618,11.1654563952948,0.286861470588235,0.280127998315113
"p",0.4159,0.3515,0.1577,0.0869,0.1486,0.1666,53.3794297491348,4.10861638629283,53.3794297491348,4.10861638629283,25.1022053326372,18.6673359682072,0.149448581699346,0.576084598993556
"p",0.5071,0.6988,0.439,0.178,0.2928,0.3008,41.7135686487854,1.67669744548287,41.7135686487854,1.67669744548287,15.3122093906675,14.3066630948159,-0.0134312287581698,0.957901989466845
"p",0.1029,0.1218,0.012,0.0172,0.032,0.0252,106.992416070522,6.91003947040498,106.992416070522,6.91003947040498,43.0259363445184,25.3840676513627,0.172898679738562,0.513573963172961
"p",0.0701,0.0907,0.4804,0.3727,0.1208,0.1349,116.408026220042,7.39318816199377,116.408026220042,7.39318816199377,14.873442412979,11.1107484941484,0.464199084967319,0.0704144381809656
"p",0.1461,0.261,0.1793,0.0698,0.1189,0.0753,94.2679553368967,4.94829442367601,94.2679553368967,4.94829442367601,23.3454618661465,19.6437197082265,0.13293668627451,0.60891540265024
"p",0.497,0.5842,0.1665,0.1501,0.2503,0.2634,45.4445491251001,2.47354476635514,45.4445491251001,2.47354476635514,24.4165441279484,16.2199720050297,0.115215516339869,0.664933205120553
"p",0.0273,0.0155,0.274,0.5014,0.0503,0.0892,148.018418276904,11.0491288161994,148.018418276904,11.0491288161994,22.041662702869,11.009856862579,0.698548542483659,0.0106364267959645
"p",0.013,0.0225,0.0477,0.0059,0.011,0.0037,170.515265824103,10.7054873831776,170.515265824103,10.7054873831776,35.6603832679953,30.9896571054306,0.552202320261437,0.0454480499832463
"p",0.0063,0.0083,0.0325,0.0392,0.0119,0.0064,185.690708714512,12.3455873208723,185.690708714512,12.3455873208723,37.7670796129453,22.8670363019443,0.728980385620914,0.00759731665269648
"p",0.0031,0.0028,0.0741,0.0879,0.006,0.0086,194.433853920723,13.4161224922118,194.433853920723,13.4161224922118,30.2830458604871,18.6733672365413,0.803953601307188,0.00252582853242987
"p",0.996,0.8046,0.4662,0.3023,0.4706,0.6173,0.345963981438419,1.1324646105919,-0.345963981438419,1.1324646105919,16.4961951163078,13.3239754801444,-0.0237318300653594,0.929801173014024
"p",0.9108,0.9046,0.255,0.2507,0.4024,0.5266,7.02450218047447,0.534876947040498,-7.02450218047447,0.534876947040498,21.475300932892,13.8970071045314,0.0117577581699346,0.964802870790665
"p",0.0026,0.0024,0.0513,0.0251,0.0048,0.0034,199.716951219861,13.6438772897196,199.716951219861,13.6438772897196,32.4956504367895,23.9142765189222,0.783038503267972,0.0025120465456133
"p",0.239,0.1649,0.2681,0.338,0.3776,0.2812,76.3812300334675,6.11525420560748,76.3812300334675,6.11525420560748,20.2680330758797,12.1189462590164,0.35495356862745,0.174864394658535
"p",0.0032,0.0033,0.0056,7e-04,0.0013,3e-04,194.404852490634,13.572025576324,194.404852490634,13.572025576324,46.9771652235746,35.7655727528485,0.663595091503267,0.0134202147268327
"p",0,1e-04,0.0013,3e-04,0,0,255.958513425512,16.6414179439252,255.958513425512,16.6414179439252,59.332683391982,45.5032967691372,0.795082522875815,0.00152024843689497
"p",0.0085,0.0075,0.0067,0.0071,0.0131,0.0031,171.080242720415,11.7745860747664,171.080242720415,11.7745860747664,43.3757290021041,26.5616576177542,0.795814294117646,0.00289577648923183
"p",0.9358,0.6923,0.2382,0.088,0.152,0.2757,5.59370559887839,1.88189495327103,-5.59370559887839,-1.88189495327103,24.0587275647283,20.4984048091142,-0.230783673202614,0.407852229143759
"p",0.9581,0.9857,0.2584,0.2222,0.3567,0.5062,3.54119229388931,0.0772024299065424,3.54119229388931,0.0772024299065424,21.825969938784,14.9885234015362,-0.118304496732026,0.662794606071874
"p",0.1092,0.1187,0.1257,0.0621,0.1068,0.0586,108.376422123135,7.14553666666667,108.376422123135,7.14553666666667,27.2137235659,20.6623294625152,0.448841921568626,0.0919283613722397
"p",0.0338,0.0632,0.1413,0.0387,0.0599,0.0201,137.90028112482,8.22355140186916,137.90028112482,8.22355140186916,24.8360991760261,21.1192099458923,0.331670960784313,0.201444431655381
"p",0.0152,0.0417,0.3191,0.1212,0.0281,0.0248,155.868780146961,9.09583327102804,155.868780146961,9.09583327102804,19.1956400816841,16.9182360079221,0.464769614379084,0.0765657320286078
"p",0.1405,0.2257,0.0714,0.0184,0.0331,0.0312,95.059820481485,5.29033436137072,95.059820481485,5.29033436137072,29.8071862381989,23.8904566058183,0.208699058823529,0.42810542933469
"p",0.2199,0.2565,0.6326,0.4797,0.3515,0.3243,86.4742836956577,5.42107087227414,86.4742836956577,5.42107087227414,14.3966903783324,11.6510000120361,0.181259699346405,0.520751823215612
"p",0.3112,0.3561,0.3297,0.2068,0.3346,0.2413,64.6298834764958,3.9908807788162,64.6298834764958,3.9908807788162,17.624719792107,13.5943091500997,0.211089738562091,0.406272953022097
"p",0.2842,0.2901,0.0289,0.0086,0.0162,0.0309,74.9768134517735,4.98597638629284,74.9768134517735,4.98597638629284,39.1275955493948,29.5723742192658,0.0530611633986928,0.848400628145956
"p",0.4937,0.8085,0.1334,0.0448,0.08,0.1225,40.2065418674696,0.969347040498443,40.2065418674696,0.969347040498443,21.4923629284517,17.3427799942015,-0.108136209150327,0.655641298536867
"p",0.1237,0.1208,0.253,0.2844,0.2079,0.1638,106.344716650522,7.22926931464174,106.344716650522,7.22926931464174,22.3618392663042,13.8812611409063,0.357215117647058,0.189536900691236
"p",0.0134,0.036,0.101,0.0088,0.0163,0.0048,168.184222494034,9.53477264797508,168.184222494034,9.53477264797508,29.6590425576765,29.258857410616,0.370148130718953,0.174018982417368
"p",0.0315,0.0405,0.1314,0.0853,0.0558,0.0341,149.401060277197,9.59074866043614,149.401060277197,9.59074866043614,28.7441708656028,20.6361003072709,0.469817006535947,0.0859413298942954
"p",0.2013,0.2409,0.489,0.5701,0.3244,0.3415,88.4577582628782,5.51419841121495,88.4577582628782,5.51419841121495,17.0168161896919,10.1669767253938,0.310740490196078,0.259397947413613
"p",0.0379,0.0152,0.1798,0.3823,0.067,0.0941,138.256431350168,11.0347714953271,138.256431350168,11.0347714953271,24.7339436313089,11.9869241962004,0.63740550980392,0.017518507226594
"p",0.0203,0.0317,0.1321,0.072,0.0379,0.0209,158.7830301256,10.0281209345794,158.7830301256,10.0281209345794,27.9460945518172,20.3715941454972,0.487071215686274,0.078039602508502
"p",0.0548,0.1049,0.2627,0.0865,0.0962,0.0477,122.358664195109,6.98323230529595,122.358664195109,6.98323230529595,19.1206072171541,16.9204810925206,0.355852522875816,0.157567773334329
"p",0.3585,0.4699,0.307,0.1078,0.1813,0.1742,59.8441621390303,3.20425809968847,59.8441621390303,3.20425809968847,19.5456730003365,18.0297340940118,0.094041405228758,0.721216868107707
"p",0.0301,0.0182,0.1269,0.1594,0.0553,0.0491,148.505583343776,10.89249894081,148.505583343776,10.89249894081,27.1116114610992,16.2302433452026,0.546591601307188,0.0410188869275
"p",0.0394,0.0406,0.1378,0.0407,0.0707,0.024,140.347311928349,9.45464906542056,140.347311928349,9.45464906542056,28.1233551542499,23.4611289410877,0.488130281045751,0.07737762436585
"p",0.3294,0.431,0.3281,0.2053,0.3382,0.2479,65.0500398063829,3.52583271028037,65.0500398063829,3.52583271028037,19.3551373674241,14.7885814739703,0.0401418692810457,0.879212472982345
"p",0.4329,0.536,0.5581,0.4431,0.6244,0.4717,48.8362336234785,2.61521105919003,48.8362336234785,2.61521105919003,13.0624003218397,9.90477055713469,0.0566233464052285,0.822202885318626
"p",0.0115,0.0183,0.1376,0.041,0.0212,0.0103,160.598696314607,10.1660936137072,160.598696314607,10.1660936137072,25.1437117172225,20.7392811036387,0.446007816993463,0.0876455073463007
"p",0.0582,0.1198,0.3653,0.2136,0.1032,0.0859,119.290830876857,6.6770645482866,119.290830876857,6.6770645482866,17.0303892649457,13.5235941951432,0.297652888888888,0.243531943930772
"p",0.0269,0.0408,0.1737,0.047,0.0487,0.0214,142.844717895925,9.00408367601246,142.844717895925,9.00408367601246,22.5905946268761,19.2753206387907,0.468959588235293,0.0664001619574521
"p",0.1417,0.2903,0.3176,0.2133,0.238,0.1481,99.4335189413455,4.81349358255452,99.4335189413455,4.81349358255452,20.7066561373083,15.4824561066382,0.14255585620915,0.601087958046945
"p",0.0594,0.0946,0.1844,0.0817,0.1035,0.0497,127.159877573352,7.50035884735203,127.159877573352,7.50035884735203,24.3994227947758,19.7003422438551,0.344293183006535,0.197099028031967
"p",0.0437,0.0603,0.0678,0.0682,0.0789,0.0328,144.682181447393,9.00910411214953,144.682181447393,9.00910411214953,34.6938210937615,21.6635003869827,0.418210967320261,0.14248577511179
"p",0.1765,0.1062,0.1329,0.0569,0.0991,0.0757,89.2161483463069,7.15885750778816,89.2161483463069,7.15885750778816,25.1590320153481,19.5960306420937,0.403356771241829,0.121950427054447
"p",0.0017,0.0027,0.0092,0.0018,0.0032,5e-04,206.660736410513,13.2287270716511,206.660736410513,13.2287270716511,40.4686708036999,29.4494214930026,0.597918287581698,0.0216185681238451
"p",0.0168,0.0134,0.0015,6e-04,0.0012,0.001,160.847904221924,11.4038292523364,160.847904221924,11.4038292523364,58.4883461843742,39.0562893084194,0.556505843137254,0.0403927942533453
"p",0.3386,0.4747,0.1696,0.0308,0.0553,0.0763,63.7331782415888,3.20034881619938,63.7331782415888,3.20034881619938,24.6187627476223,22.613902407211,0.230074568627451,0.38691621519189
"p",0.3298,0.3788,0.1297,0.3285,0.5021,0.3329,65.8705631504669,4.02044345794393,65.8705631504669,4.02044345794393,27.2076156603469,13.0611133182507,0.150276797385621,0.579408648741273
"p",0.4752,0.6333,0.6816,0.4233,0.6164,0.4856,48.3401706470145,2.20719292834891,48.3401706470145,2.20719292834891,12.2522744681018,11.6398350053874,0.0490750457516341,0.857004124812686
"p",0.4922,0.7296,0.021,0.0593,0.105,0.1454,48.3938604299251,1.64150292834891,48.3938604299251,1.64150292834891,41.0966068981812,21.4044750314327,-0.057564091503268,0.836615377049755
"p",0.0416,0.0499,0.4901,0.3878,0.0753,0.098,130.131781735271,8.44020024922118,130.131781735271,8.44020024922118,14.3892450314915,10.8313991617537,0.461458516339868,0.0698390318817644
"p",0.5769,0.9141,0.2304,0.1778,0.2934,0.3245,38.5036256609308,0.493307165109034,38.5036256609308,0.493307165109034,22.952508762186,16.0262420058241,-0.113587071895425,0.676464553546678
"p",0.0065,0.0132,0.2832,0.0721,0.0123,0.0109,181.558305218392,11.1090612149533,181.558305218392,11.1090612149533,20.7463189156338,19.1252478818339,0.552135954248365,0.0386902839176205
"p",0.071,0.057,0.0401,0.0325,0.0588,0.0269,120.0455276654,8.53602470404984,120.0455276654,8.53602470404984,33.9920607393119,22.6560492150526,0.439438183006535,0.0997913926604544
"p",0.0693,0.0995,0.6367,0.546,0.1201,0.1702,121.805566242941,7.45409239875389,121.805566242941,7.45409239875389,13.1118224798415,9.83747391474377,0.348116235294117,0.189907433509373
"p",0.2033,0.2824,0.8331,0.6419,0.3276,0.3753,82.6780387492688,4.70967367601246,82.6780387492688,4.70967367601246,8.76706295026959,8.22103386811618,0.295076196078431,0.260039578378695
"p",0.0068,0.0041,0.0352,0.0199,0.0129,0.0053,182.105366604018,13.2415447975078,182.105366604018,13.2415447975078,36.9544530617268,25.0563281336256,0.727749915032678,0.00666434546617948
"p",0.0199,0.0112,0.068,0.0647,0.0338,0.0234,159.440565414032,12.1116147352025,159.440565414032,12.1116147352025,34.979681658414,21.30312660827,0.72923190849673,0.00657729689689127
"p",0.0119,0.033,0.0363,0.0058,0.0111,0.0031,169.619478720451,9.80366685358255,169.619478720451,9.80366685358255,36.3090109537467,29.8453061008971,0.458422032679738,0.0883250569637286
"p",3e-04,6e-04,0.0419,0.0094,6e-04,5e-04,256.898882582581,16.2450184423676,256.898882582581,16.2450184423676,36.9502936893221,29.8802614439273,0.892912764705881,0.000952605200847669
"p",0.096,0.1004,0.7991,0.8221,0.1654,0.2701,105.809823306034,7.03695523364486,105.809823306034,7.03695523364486,9.32022093567736,6.05818346709322,0.450229130718953,0.0757168901991828
"p",6e-04,7e-04,0.0064,0.0025,0.0012,1e-04,213.804253113085,13.9115608722741,213.804253113085,13.9115608722741,42.4309854496243,28.9916566138572,0.68448419607843,0.00712145877042288
"p",0.0015,0.0055,0.0088,0.0026,0.003,8e-04,223.384783066242,12.9502503426791,223.384783066242,12.9502503426791,55.6592854944475,51.2226256624615,0.630130960784312,0.0220173279103937
"p",0.0169,0.0198,0.0109,0.0015,0.003,0.0011,166.353676685847,10.9029680996885,166.353676685847,10.9029680996885,45.6690264424241,32.4273737773434,0.492094692810456,0.0737354996261818
"p",0.0039,0.005,0.0545,0.0675,0.0073,0.008,195.189205826113,12.9947654205607,195.189205826113,12.9947654205607,33.9118781507953,20.8667294622904,0.741974535947711,0.00547275659910833
"p",0.2902,0.4977,0.0666,0.008,0.0145,0.0295,70.9416446745114,3.05900498442368,70.9416446745114,3.05900498442368,31.252664367266,26.6339888437506,-0.0856615228758167,0.747348539018777
"p",0.0553,0.0533,0.2209,0.1676,0.0991,0.0698,127.752949670408,8.70300912772586,127.752949670408,8.70300912772586,22.8486162747716,15.891848966581,0.432532163398692,0.106214102049925
"p",0.0019,0.0066,0.0149,0.002,0.0033,8e-04,211.529153437836,12.6914779750779,211.529153437836,12.6914779750779,44.2030115419821,36.3990528041708,0.516200620915032,0.0544666564562366
"p",0.0065,0.0098,0.4554,0.3079,0.0119,0.0264,178.970869525286,11.433402211838,178.970869525286,11.433402211838,15.7545949595761,12.2933980125039,0.629055810457515,0.0155071372230176
"p",0.0484,0.1013,0.0903,0.0134,0.0246,0.0141,138.687347379563,7.82037566978193,138.687347379563,7.82037566978193,31.3015689444074,28.576025319393,0.304392477124182,0.272250377715472
"p",0.1001,0.0943,0.2101,0.2081,0.1675,0.117,103.767026482669,7.18989862928349,103.767026482669,7.18989862928349,20.9079983511833,13.5719022317401,0.327943437908496,0.195630678835072
"p",0.25,0.4143,0.0023,6e-04,0.0011,0.0056,72.6868951784243,3.48035052959502,72.6868951784243,3.48035052959502,46.9875278942807,31.7048448785198,0.24447125490196,0.330857632553174
"p",0.0198,0.0248,0.0049,0.0033,0.0062,0.0047,157.530740980182,10.1429647975078,157.530740980182,10.1429647975078,51.2365295714769,36.7907191394962,0.478815464052287,0.0724439745390656
"p",0.1617,0.1553,0.5976,0.5588,0.2671,0.2973,95.7622556792992,6.57492660436137,95.7622556792992,6.57492660436137,14.6114526007197,10.2524568890365,0.35709754248366,0.194215800424998
"p",0.3556,0.2971,0.6188,0.6754,0.5337,0.5402,62.7017369421444,4.79493657320872,62.7017369421444,4.79493657320872,13.8626978024976,8.61226078452198,0.336237477124182,0.214356612461629
"p",0.0025,0.0032,0.0022,5e-04,0.001,3e-04,211.835520903335,14.0272921183801,211.835520903335,14.0272921183801,56.1055299811933,39.6800560218309,0.673858856209149,0.0121552194275486
"p",0.6225,0.8958,0.1264,0.0671,0.1182,0.1833,33.3527058325953,0.589932710280374,33.3527058325953,0.589932710280374,27.6599705694091,20.0104906532188,0.0287166470588236,0.915883316589387
"p",0.2755,0.3454,0.1845,0.1878,0.3055,0.2055,68.8944234912073,4.04486398753894,68.8944234912073,4.04486398753894,22.4010404482827,14.4993259054104,0.208205790849673,0.420048192327168
"p",0.0115,0.014,0.0339,0.0163,0.0213,0.0064,163.247434086131,10.7397718380062,163.247434086131,10.7397718380062,34.5580114773796,24.2722211494204,0.540066549019607,0.0389416461039326
"p",0.3843,0.4631,0.638,0.4401,0.5713,0.4411,59.4825175576562,3.42272940809969,59.4825175576562,3.42272940809969,13.6159775831038,11.6490818903886,0.127127235294117,0.640269939712044
"p",0.2462,0.198,0.0478,0.0239,0.0437,0.0533,74.7882146902879,5.60636953271028,74.7882146902879,5.60636953271028,31.2005605886347,22.4507498985206,0.286634705882352,0.26646228012686
"p",0.2904,0.3244,0.5841,0.3367,0.4554,0.3152,67.9196049659739,4.33552137071651,67.9196049659739,4.33552137071651,12.9636994811465,11.5361622298232,0.17318931372549,0.498118251978689
"p",0.5488,0.7673,0.676,0.784,0.7519,0.75,41.014371682617,1.38353327102804,41.014371682617,1.38353327102804,13.1737216697197,7.49501652710936,-0.010261431372549,0.970158870632047
"p",0.028,0.0488,0.2722,0.0948,0.0504,0.0318,138.516982124763,8.41607024922118,138.516982124763,8.41607024922118,18.7064195683392,15.7325001090865,0.391418973856208,0.118957307276868
"p",0.7162,0.7288,0.2466,0.0773,0.1357,0.2186,23.45889236657,1.5218377258567,-23.45889236657,-1.5218377258567,20.6027752175369,18.0046100674422,-0.196444372549019,0.450125245102167
"p",0.1787,0.2435,0.1505,0.0394,0.0701,0.0581,88.5619842225736,5.17418214953271,88.5619842225736,5.17418214953271,23.9124891701369,20.2402957240814,0.198945261437908,0.44161063000784
"p",0.008,0.0165,0.1491,0.0356,0.0154,0.0081,168.868295301359,10.4886854205607,168.868295301359,10.4886854205607,24.7138509586906,21.9136714021428,0.505701052287581,0.0512470649898494
"p",0.0276,0.024,0.0311,0.016,0.0291,0.0105,143.304206354894,10.0199925233645,143.304206354894,10.0199925233645,34.9310034865723,24.6761766842494,0.438863267973855,0.0937798878606879
"p",0.3349,0.3644,0.2766,0.3479,0.5136,0.3489,64.8983672984768,4.16226345794393,64.8983672984768,4.16226345794393,21.8159280526048,13.0377854105835,0.120550379084967,0.658710669066802
"p",0.4701,0.2739,0.0508,0.0561,0.096,0.1346,47.9621924715023,4.96965825545171,47.9621924715023,4.96965825545171,36.0904109766922,22.8477321028003,0.250831875816993,0.352075004217095
"p",0.022,0.0193,0.0473,0.0886,0.0398,0.0263,143.839489432118,10.0046116199377,143.839489432118,10.0046116199377,29.986645063118,16.6890618507574,0.51326856862745,0.0434760727027379
"p",0.0059,0.0088,0.0158,0.0136,0.011,0.0034,174.205043128364,11.3677692523364,174.205043128364,11.3677692523364,38.5827360722901,24.466458234398,0.592258529411764,0.0213848634258327
"p",0.0751,0.0641,0.2809,0.2265,0.1292,0.102,113.00417868275,7.90009915887851,113.00417868275,7.90009915887851,18.6291341772456,12.8337967841922,0.390213274509803,0.121373931214141
"p",0.0065,0.0175,0.0738,0.0313,0.0124,0.0075,182.750510437538,10.7327355140187,182.750510437538,10.7327355140187,31.3028233318334,24.6495364550329,0.501648222222221,0.0560383687718747
"p",0.5741,0.6872,0.1656,0.213,0.3446,0.3597,37.028122190339,1.76602579439252,37.028122190339,1.76602579439252,24.2735498051601,14.5365219798131,0.0462348888888888,0.861222101299584
"p",0.0938,0.0401,0.021,0.0175,0.0319,0.0235,114.009484571579,9.52920785046729,114.009484571579,9.52920785046729,41.3368099986649,26.694125183797,0.498714320261437,0.0662832505333911
"p",0.5113,0.4813,0.5636,0.6917,0.718,0.6765,44.9930399039067,3.29359791277258,44.9930399039067,3.29359791277258,15.0124124635065,8.49380502338246,0.146696130718954,0.585209711812904
"p",0.0038,0.0039,0.0127,0.0037,0.007,0.0011,189.738976445401,12.6402768847352,189.738976445401,12.6402768847352,43.2575577859714,32.4991027097476,0.48527479738562,0.0612742368432636
"p",0.0336,0.0648,0.0335,0.0114,0.0208,0.0102,133.380373443116,7.94682894080997,133.380373443116,7.94682894080997,32.6736290163157,24.1114107697661,0.373772614379084,0.141720437415786
"p",0.9543,0.8536,0.348,0.2602,0.4132,0.5548,3.51912670799514,0.816175420560749,-3.51912670799514,-0.816175420560749,19.2775544270542,13.9551170809785,-0.130549960784313,0.624706155331079
"p",0.6126,0.7215,0.2192,0.1581,0.2623,0.3089,32.7227062271804,1.57980003115265,32.7227062271804,1.57980003115265,22.5723742039564,16.1853401560776,0.0453539738562091,0.865004533366231
"p",0.4834,0.519,0.9762,0.9664,0.6793,0.776,45.3373647290714,2.85732473520249,45.3373647290714,2.85732473520249,4.82526340051208,3.59305968445271,0.0899418758169933,0.730843501215701
"p",0.019,0.0412,0.2007,0.0679,0.0338,0.0207,149.823613716028,8.86567651090343,149.823613716028,8.86567651090343,22.2899213606454,18.5900210195629,0.386182078431372,0.139090316758878
"p",0.0081,0.0333,0.1331,0.014,0.0147,0.004,177.408314177363,9.58855323987539,177.408314177363,9.58855323987539,26.8453222611677,26.2965589438014,0.427570019607842,0.111821110052638
"p",0.7686,0.9328,0.3383,0.298,0.4615,0.5255,19.7239442132289,0.38611214953271,-19.7239442132289,-0.38611214953271,18.8862349330481,12.9663784113443,0.00123145751633988,0.996311925678604
"p",0.2783,0.3802,0.0667,0.0281,0.0511,0.0608,75.1129129083959,4.15418105919003,75.1129129083959,4.15418105919003,33.7811558956905,24.3507559537882,0.141177823529411,0.612515820764579
"p",0.1979,0.2017,0.0655,0.0845,0.1438,0.1053,86.7708975534471,5.90297514018691,86.7708975534471,5.90297514018691,35.5678870129658,21.5663821843824,0.213365516339869,0.442695461705061
"p",0.3834,0.376,0.0933,0.1247,0.2083,0.1959,57.4667147923387,3.98874448598131,57.4667147923387,3.98874448598131,29.7940473214465,17.6208788620323,0.0682428692810456,0.797755938135453
"p",0.0045,0.0021,0.0758,0.1582,0.0082,0.0158,182.363842842543,13.1376004361371,182.363842842543,13.1376004361371,28.9396644315998,15.2833578405277,0.835692529411763,0.00108247278443645
"p",0.1073,0.0915,0.3066,0.4553,0.1836,0.2016,111.230078712322,7.8910537694704,111.230078712322,7.8910537694704,21.6117971420104,11.8332838170636,0.479730104575163,0.0833155079589111
"p",0.0675,0.1065,0.0249,0.0042,0.0073,0.008,118.502612007267,6.97477806853583,118.502612007267,6.97477806853583,37.3442157890323,34.2201636330071,0.21117777124183,0.408265809923367
"p",0.6709,0.7106,0.612,0.5705,0.7742,0.7102,28.3056407075721,1.66406785046729,28.3056407075721,1.66406785046729,13.281858684979,9.2899047513597,0.0677455947712416,0.795482134271753
"p",0.9742,0.6768,0.0112,0.0065,0.0119,0.0545,2.42348529646962,1.97369707165109,2.42348529646962,-1.97369707165109,46.4996316581214,32.6074670071591,-0.221211150326797,0.41759377624501
"p",1e-04,1e-04,4e-04,1e-04,2e-04,0,283.227520766706,18.4797801557632,283.227520766706,18.4797801557632,81.1998064767136,62.3458307506141,0.831035934640522,0.00190046875367639
"p",0.125,0.1134,0.2745,0.1507,0.2088,0.1107,101.144667716439,7.00469862928349,101.144667716439,7.00469862928349,20.5026694627951,16.3323541438475,0.359384653594771,0.1733273153918
"p",0.1196,0.205,0.0799,0.0323,0.0591,0.0383,98.5926805576695,5.41634492211838,98.5926805576695,5.41634492211838,26.5234822288847,19.2904777156168,0.286060052287581,0.256614392122257
"p",0.116,0.1045,0.7064,0.7725,0.1946,0.2998,104.961285646067,7.29552392523365,104.961285646067,7.29552392523365,11.6505034062938,6.90829831175626,0.388702980392156,0.146333443056546
"p",0.0304,0.03,0.0206,0.0609,0.0547,0.0249,131.473924926051,8.96431691588785,131.473924926051,8.96431691588785,32.9952702896725,16.7455342067042,0.433176947712417,0.0748459482136737
"p",0.0404,0.0345,0.0437,0.0225,0.0412,0.0174,141.585214578191,9.89201947040498,141.585214578191,9.89201947040498,35.6735432496835,24.2378719186773,0.528800261437907,0.0524932960823866
"p",0.1716,0.0949,0.6093,0.8023,0.2816,0.3852,87.1089744658369,7.14597903426791,87.1089744658369,7.14597903426791,11.6958727429797,5.52844384335701,0.482305464052287,0.056349927844364
"p",0.101,0.1256,0.7076,0.6536,0.1723,0.2411,115.501677615665,7.28598607476636,115.501677615665,7.28598607476636,12.8910535430873,9.3011284771026,0.356551320261437,0.203541919529771
"p",0.0136,0.017,0.0813,0.0658,0.025,0.0167,163.293643735875,10.6820825856698,163.293643735875,10.6820825856698,30.0717925367804,19.7065400222376,0.472249287581698,0.0763999706150467
"p",0.0066,0.0126,0.0123,0.0259,0.0121,0.0063,178.818872943833,11.2173759190031,178.818872943833,11.2173759190031,42.7672155555848,24.0637594951298,0.584805594771241,0.0285641674452921
"p",0.0443,0.0472,0.4219,0.387,0.0782,0.1006,134.707859212,8.93499336448598,134.707859212,8.93499336448598,16.998686560458,11.6976614593105,0.475730352941175,0.0718845301015523
"p",0,0,0.0076,9e-04,0,0,248.630393941621,16.3314902180685,248.630393941621,16.3314902180685,37.6339690618905,27.075660273163,0.906310705882351,0.000196522963282547
"p",0,0,4e-04,1e-04,0,0,278.062775609416,18.4064889096573,278.062775609416,18.4064889096573,57.6266786924553,38.5790575270895,0.974960895424835,8.37379618850415e-05
"p",0.2292,0.2205,0.503,0.2911,0.363,0.2452,80.3671201719242,5.57126984423676,80.3671201719242,5.57126984423676,15.553366291851,13.065387416502,0.330270032679738,0.213865653193771
"p",0.246,0.1902,0.0295,0.0034,0.0064,0.0156,74.2868708716444,5.66507426791277,74.2868708716444,5.66507426791277,35.4318138171499,32.1169204779138,0.176770516339869,0.490207981779264
"p",0.2564,0.2963,0.042,0.0295,0.0523,0.0623,71.7006295627933,4.46355202492212,71.7006295627933,4.46355202492212,31.8670790918266,21.2129110381057,0.153649450980392,0.547498443826918
"p",0.0428,0.0842,0.1592,0.0643,0.0768,0.0325,133.740608938777,7.71521152647975,133.740608938777,7.71521152647975,24.6425689983073,19.6691821325631,0.32559488235294,0.214855891996616
"p",0.2295,0.3003,0.5074,0.5624,0.3692,0.3697,84.5271056055197,4.89993099688474,84.5271056055197,4.89993099688474,17.4157071630049,10.8569397849393,0.245211973856209,0.381854759610491
