"","pLW","pLU","pQU","pQH","pMin","pFisher","SW","SL","SWwin","SLwin","SC","SQ","CMCBeta","pBeta"
"p",0.8266,0.7904,0.7069,0.4106,0.6044,0.6607,12.9119615940544,2.18376862928349,-12.9119615940544,-2.18376862928349,34.5985025711392,9.94282279374009,-0.0100496967213109,0.942348941359853
"p",0.9988,0.6312,0.7297,0.8291,0.9565,0.9758,0.0581819394849816,3.83092760124611,-0.0581819394849816,-3.83092760124611,32.9407637226583,5.50209227478238,-0.0573324262295082,0.683561929589207
"p",0.9104,0.8166,0.8144,0.8793,0.9787,0.9687,6.55316316812906,1.83095919003115,-6.55316316812906,-1.83095919003115,27.2680581178845,4.92069457531002,0.00189118474148807,0.989341728092061
"p",0.144,0.1101,0.1304,0.3725,0.2419,0.2126,86.7839179815879,13.1385717757009,86.7839179815879,13.1385717757009,108.816043883476,10.8533438743106,0.239406870113493,0.0922397685348849
"p",0.4195,0.5824,0.2263,0.1047,0.1804,0.1873,48.8122896489571,4.5975883800623,48.8122896489571,4.5975883800623,91.4208221139198,16.4763306797059,0.148431944514502,0.303473947919975
"p",0.5767,0.8689,0.7516,0.9201,0.7797,0.8294,31.7374129948237,1.3038808411215,31.7374129948237,1.3038808411215,29.7927068990958,4.18172098393113,0.0790806696090793,0.563316182607974
"p",0.6058,0.9726,0.9517,0.6798,0.8136,0.7397,30.1738530953937,0.267292616822428,30.1738530953937,-0.267292616822428,15.5254669650178,7.38851004238994,0.047748160781841,0.735344519850521
"p",0.3132,0.1758,0.0596,0.048,0.0852,0.0947,58.2573129050829,10.9483536137072,58.2573129050829,10.9483536137072,135.028822521436,17.5527819276726,0.196629269230769,0.158212849041664
"p",0.4493,0.4374,0.3336,0.1197,0.2013,0.2098,46.197466289922,6.47083133956386,46.197466289922,6.47083133956386,73.764356682717,15.8813183302982,0.0367927087011351,0.799343406828209
"p",0.3499,0.1304,0.1745,0.1004,0.1752,0.1643,52.0342016117662,11.5792237694704,-52.0342016117662,-11.5792237694704,86.1782914892459,14.1712961856317,-0.100448456494325,0.454688607584439
"p",0.1221,0.2662,0.8121,0.1074,0.1844,0.0873,93.8327007077158,9.41691065420561,93.8327007077158,9.41691065420561,29.0818851079227,16.6698450556199,0.205720744010088,0.156847784370596
"p",0.5619,0.5236,0.4222,0.6777,0.7654,0.703,35.7543386717025,5.23304940809969,35.7543386717025,5.23304940809969,62.9710262304128,7.58623569424289,0.0708707786885246,0.624576900528574
"p",0.456,0.8951,0.5001,0.2935,0.4623,0.3858,44.4128231740069,1.09405230529595,44.4128231740069,1.09405230529595,53.3062094643379,11.9759270724611,0.101383912988651,0.478938738710221
"p",0.1896,0.3233,0.4312,0.1019,0.1744,0.1081,78.227085141548,8.20345710280374,78.227085141548,8.20345710280374,59.0679848918048,16.2006317565071,0.155475399117276,0.270379790887488
"p",0.0545,0.0556,0.1418,0.5109,0.0965,0.1374,116.554009685929,15.9214482242991,116.554009685929,15.9214482242991,107.152656485843,9.2139563772469,0.325479255359394,0.0218437099400464
"p",0.2107,0.4302,0.514,0.4323,0.3419,0.2993,73.0104486408683,6.33879654205608,73.0104486408683,6.33879654205608,48.9656818972058,9.43449284587349,0.165953160151324,0.230902775031819
"p",0.6991,0.4633,0.8405,0.8035,0.8745,0.847,22.4067763127755,5.98267890965732,22.4067763127755,5.98267890965732,26.8315373526343,6.04327251821934,0.14343677112232,0.317189148439161
"p",0.7377,0.8737,0.8842,0.5589,0.7636,0.7346,19.3339654076159,1.30469043613707,-19.3339654076159,-1.30469043613707,20.4356697422316,7.87491305178451,0.0470770851197982,0.728875160855841
"p",0.0123,0.0606,0.4596,0.1387,0.0229,0.0227,146.339933600392,15.3704451713396,146.339933600392,15.3704451713396,56.8367519594321,14.6956915975594,0.151407496847415,0.285264188308327
"p",0.964,0.4558,0.3299,0.5014,0.7104,0.7957,2.77067665549159,6.23348950155763,-2.77067665549159,-6.23348950155763,75.5628771128044,9.79465948629472,-0.0655114810844892,0.653647809597404
"p",0.9356,0.7194,0.8763,0.894,0.9839,0.9805,4.79039846195231,3.01595065420561,4.79039846195231,3.01595065420561,23.924637074018,4.9743377027044,0.104819878940731,0.470717471420579
"p",0.2066,0.9343,0.4148,0.1617,0.2692,0.1575,74.7587378904308,0.674836853582553,74.7587378904308,0.674836853582553,59.4388889827764,13.7418901144614,-0.000881274274905051,0.994999614585772
"p",0.8593,0.2004,0.2375,0.7443,0.9076,0.8961,10.2727562381808,10.2148241433022,-10.2727562381808,-10.2148241433022,79.5099335673683,6.21919321962483,-0.250731288776796,0.0686735843767645
"p",0.6198,0.8854,0.8762,0.953,0.8175,0.8717,29.1151151921924,1.12658934579439,29.1151151921924,-1.12658934579439,22.2985160799283,3.6079109872688,-0.00810108007566173,0.9543745615264
"p",0.0162,0.006,0.0901,0.0261,0.0296,0.0097,139.467961377116,22.0797535514019,139.467961377116,22.0797535514019,116.978292203432,19.0981370458166,0.347026846153846,0.01141441703296
"p",0.2419,0.7375,0.0666,0.3056,0.3879,0.2587,65.0418854840032,2.60615059190031,65.0418854840032,-2.60615059190031,120.851008573308,10.1046157020866,-0.0618683883984866,0.643100420966368
"p",0.5473,0.5776,0.8532,0.7725,0.7569,0.7454,36.5713753091556,4.67649242990654,-36.5713753091556,-4.67649242990654,26.1143113107244,6.79541277845513,-0.0887767301387137,0.542498504844978
"p",0.0845,0.1357,0.4778,0.3858,0.1492,0.1527,104.389876633141,12.5454590342679,104.389876633141,12.5454590342679,59.4945462521604,11.3653630724493,0.218855034047919,0.137766882520904
"p",0.1421,0.5332,0.6537,0.0522,0.0926,0.0587,89.0848901671732,5.23435996884735,89.0848901671732,5.23435996884735,42.652227368543,18.6287779670184,-0.000320509457755399,0.998253758236582
"p",0.0571,0.5392,0.0365,0.0118,0.0219,0.0135,114.204475785795,5.11103249221184,114.204475785795,5.11103249221184,170.17031236561,23.6810256350655,0.0769823385876415,0.592027110717284
"p",0.4105,0.7137,0.0434,0.1717,0.2845,0.2551,50.4175813499842,3.10836738317757,50.4175813499842,3.10836738317757,165.414173302784,14.9040119721542,0.0948598694829764,0.515799236782133
"p",0.123,0.0763,0.2329,0.5707,0.2095,0.2554,91.4141561280338,14.4199094080997,91.4141561280338,14.4199094080997,85.2628771660365,8.46624597240928,0.263677627364438,0.0605619361685058
"p",6e-04,1e-04,0.0115,0.0774,0.0011,0.0025,205.969367334162,31.6376219626168,205.969367334162,31.6376219626168,213.009696543114,17.5491044891678,0.554748781210592,8.99278941570443e-05
"p",0.7561,0.4584,0.8482,0.8308,0.9156,0.8893,18.4185508452941,6.08229626168224,-18.4185508452941,-6.08229626168224,25.4309994754077,5.61885113965462,-0.000517291929382091,0.997141425472363
"p",0.075,0.1516,0.1549,0.4101,0.1311,0.1502,109.379532720833,12.0130217757009,109.379532720833,12.0130217757009,108.610653549548,11.0188349067342,0.200604932534678,0.1706810421782
"p",0.2349,0.1961,0.0508,0.3219,0.3754,0.2664,70.8401604585606,10.680657258567,70.8401604585606,10.680657258567,151.861200923058,11.6385613002092,0.2667731185372,0.0623177350795752
"p",0.0449,0.1511,0.088,0.189,0.0809,0.0662,123.076160329339,12.2331778504673,123.076160329339,12.2331778504673,136.983150233384,14.701446732912,0.202783802648171,0.165707937616878
"p",0.1593,0.4513,0.8984,0.441,0.2695,0.2586,84.9586708036949,6.19157018691589,84.9586708036949,6.19157018691589,21.0691327028362,10.1321758089849,0.105095816519546,0.465941627306348
"p",0.197,0.1469,0.6895,0.9488,0.3196,0.4649,72.0987594894854,11.1088598442368,72.0987594894854,11.1088598442368,33.962704375789,3.48710585262147,0.249111001261034,0.0631986205259008
"p",0.747,0.9156,0.7533,0.6193,0.8208,0.777,19.4890322114846,0.830430965732087,19.4890322114846,-0.830430965732087,32.8559279459645,7.96933999496132,-0.00613135624211885,0.965562476122802
"p",0.922,0.8324,0.4179,0.2591,0.4123,0.5383,6.13519674248564,1.91851757009346,6.13519674248564,1.91851757009346,67.9836496372973,13.6709038798586,-0.00658332408575023,0.964771676235895
"p",0.0201,0.0159,0.0819,0.1336,0.0368,0.0323,128.146369454137,18.5881421806854,-128.146369454137,-18.5881421806854,116.825451148831,13.6108260989059,-0.323032327238335,0.0157935826582344
"p",0.1014,0.1317,0.6006,0.7345,0.1748,0.262,93.8403982302776,12.0255823052959,93.8403982302776,12.0255823052959,42.3300912189351,6.56425856978068,0.239690993064312,0.0818626377148249
"p",0.0651,0.3001,0.7609,0.3005,0.1138,0.1118,105.103390645972,8.23226146417445,105.103390645972,8.23226146417445,29.2219752890292,10.7901701934719,0.158435781210592,0.244906640724214
"p",0.9635,0.8988,0.7276,0.2802,0.4357,0.5764,2.66726948005307,1.02700881619938,2.66726948005307,1.02700881619938,32.3625661646947,11.1800784916091,0.0247929186633039,0.85672053487803
"p",0.1858,0.2287,0.6888,0.7187,0.3045,0.3799,79.2894808668009,9.91930975077881,79.2894808668009,9.91930975077881,38.466443166428,7.0109774938778,0.168316206179067,0.244613826966145
"p",0.1754,0.2247,0.4889,0.3036,0.2902,0.2137,76.7626648081043,9.53758361370716,76.7626648081043,9.53758361370716,48.7922001432294,10.7312173639214,0.118810449558638,0.38171250985504
"p",0.0246,0.0573,0.1513,0.2051,0.0446,0.0442,130.565282013558,15.4240571339564,130.565282013558,15.4240571339564,99.3505043406317,12.6207942702643,0.32552415258512,0.0180459246396603
"p",0.7704,0.2013,0.0202,0.1046,0.1795,0.2764,18.1947661090342,11.0330001246106,-18.1947661090342,-11.0330001246106,205.125180469427,17.1971576664755,-0.23431245334174,0.112111044546899
"p",0.4942,0.8176,0.8864,0.6899,0.6943,0.659,39.5559184953994,1.92272414330218,39.5559184953994,1.92272414330218,21.0481675894736,6.77108630797699,0.0524034829760404,0.70556189091803
"p",0.0152,0.0277,0.3152,0.3146,0.0287,0.0467,142.544665498632,18.0152305919003,142.544665498632,18.0152305919003,71.805013876087,11.1973608071987,0.219505092686002,0.116203998450191
"p",0.4912,0.9878,0.8635,0.4596,0.6611,0.5199,39.1738795638285,0.112250124610591,39.1738795638285,0.112250124610591,22.4965314247747,9.06444607418616,-3.39407313997489e-05,0.999802671408254
"p",0.4574,0.6597,0.919,0.4926,0.6573,0.5244,45.1604559648447,3.64957713395639,45.1604559648447,3.64957713395639,19.6483275434168,9.74687576083832,0.145308964060529,0.315786657903644
"p",0.3561,0.5421,0.9648,0.8626,0.5417,0.6292,51.7624749309458,4.75091392523364,51.7624749309458,4.75091392523364,12.6198653031309,4.85790194105425,0.0869652181588901,0.516533796525962
"p",0.4938,0.887,0.036,0.1429,0.24,0.2557,40.6079527594538,1.15402965732087,40.6079527594538,-1.15402965732087,160.987526043467,14.6582704824214,-0.0647468051702396,0.646240968186699
"p",0.0422,0.0317,0.0628,0.0521,0.0766,0.0272,119.100025888036,17.5371675389408,119.100025888036,17.5371675389408,137.799697250178,17.8297878018897,0.323189817150063,0.0215680123518756
"p",0.1976,0.2193,0.4745,0.465,0.3223,0.2995,76.0801291219654,10.0081913395639,76.0801291219654,10.0081913395639,55.0968545545923,9.54358078069117,0.132398895334174,0.349021312812368
"p",0.6443,0.6069,0.8507,0.9098,0.838,0.8662,27.704890336556,4.30463339563863,-27.704890336556,-4.30463339563863,25.7149902181894,4.63666514678228,-0.0207024394703658,0.886297463961809
"p",0.0494,0.0565,0.475,0.2662,0.0886,0.0866,117.650206256243,15.9646281308411,117.650206256243,15.9646281308411,56.4496250052136,12.6177196924898,0.285535049810844,0.0473448088925146
"p",0.7457,0.7785,0.8844,0.7962,0.9133,0.8725,18.6158102232362,2.25751775700935,-18.6158102232362,-2.25751775700935,19.8995893041941,5.67632322159519,0.00626789848675905,0.962720681809585
"p",0.2591,0.0862,0.2935,0.1203,0.2091,0.1497,68.9998428380514,14.5081568535826,-68.9998428380514,-14.5081568535826,80.0737748614991,15.7402853912654,-0.202178144388398,0.160703655035533
"p",0.2108,0.0601,0.2602,0.2193,0.3447,0.1931,72.5459233717605,14.9936776323988,72.5459233717605,14.9936776323988,80.9975557327003,12.7571629726572,0.261691950819672,0.0626431281184296
"p",0.0516,0.3034,0.6392,0.3616,0.0904,0.1065,112.878834711883,8.20351962616822,112.878834711883,8.20351962616822,39.1753188527375,10.4037271964986,0.119554706179067,0.388980266222056
"p",0.1424,0.2316,0.6746,0.4574,0.2411,0.2413,81.8282667932629,9.26266542056075,81.8282667932629,9.26266542056075,33.9400530673489,8.68048321232015,0.162547089533417,0.226153319429751
"p",0.8608,0.4869,0.6125,0.7831,0.9324,0.9141,10.0215915911848,5.49116819314642,-10.0215915911848,-5.49116819314642,41.2534232284904,5.87547787558057,-0.103116002522068,0.45784373649058
"p",0.2887,0.9002,0.188,0.0026,0.0051,0.0146,65.5821289333993,1.00054660436137,65.5821289333993,1.00054660436137,102.616842716254,31.3735459908153,0.00626743001261039,0.966272725924473
"p",0.222,0.2502,0.4781,0.3432,0.361,0.2679,73.5779260606109,9.46759423676012,73.5779260606109,9.46759423676012,55.6125734887082,11.3136404273968,0.167273055485497,0.241654756053725
"p",0.0022,0.0343,0.2129,0.0198,0.0043,0.0025,184.47622071986,17.5165755451713,184.47622071986,17.5165755451713,92.2858689329155,21.8377418198607,0.293869749054223,0.0403742288274875
"p",0.3374,0.673,0.5647,0.3359,0.5159,0.3465,55.3378138702373,3.33099978193146,55.3378138702373,3.33099978193146,43.5274401695078,10.3150664947773,0.0664366708701134,0.627360803292487
"p",0.2278,0.6146,0.4706,0.0317,0.0569,0.0602,71.6173373791902,4.20701788161994,71.6173373791902,4.20701788161994,56.6202473512067,20.0728545208227,0.0762374615384618,0.592375761657946
"p",0.0732,0.2201,0.6435,0.5002,0.1277,0.1664,102.707803544451,9.92844264797508,102.707803544451,9.92844264797508,38.8780461920392,8.75158649492276,0.143777233291299,0.298399692712821
"p",0.0179,0.0521,0.4127,0.2782,0.0329,0.0469,136.91546422544,15.5461476947041,136.91546422544,15.5461476947041,59.5146033633659,11.6041601718585,0.232347805170239,0.0958132941242657
"p",0.0917,0.47,0.5125,0.2296,0.1606,0.1176,99.6380987662899,5.91064906542056,99.6380987662899,5.91064906542056,52.0549275644462,12.9127494879192,0.11285228814628,0.430200848899198
"p",0.4521,0.63,0.7271,0.2216,0.3596,0.3163,46.6616635686269,4.1504752647975,46.6616635686269,4.1504752647975,37.9637197903701,13.8026959718531,0.122243195460277,0.408158686446785
"p",0.3986,0.0582,0.207,0.0689,0.1215,0.1397,52.3215904393434,16.2360995327103,52.3215904393434,16.2360995327103,100.927304920671,18.86475298478,0.272383953972257,0.0667504581218021
"p",0.3674,0.2551,0.6106,0.5181,0.5554,0.4737,55.8587378591898,9.67244928348909,55.8587378591898,9.67244928348909,46.6304900835134,9.75143867325138,0.185258237074401,0.209270274409409
"p",0.2008,0.5428,0.5526,0.2123,0.3307,0.1828,77.1131955193502,5.02366996884735,77.1131955193502,5.02366996884735,50.2605822638642,13.5854589698279,0.0433668619167715,0.763639697090899
"p",0.2384,0.9971,0.2791,0.2329,0.3726,0.2238,70.9011143176948,0.0288684423676002,70.9011143176948,0.0288684423676002,82.1154334810163,13.4399714385909,-0.0337650744010088,0.815764356730816
"p",0.2064,0.0541,0.1746,0.1366,0.2307,0.1434,76.9860259590354,16.080287788162,76.9860259590354,16.080287788162,100.215840394388,14.907798897868,0.338856400378309,0.0175750011151225
"p",0.0433,0.2093,0.532,0.3518,0.0783,0.0973,115.731111336571,10.1865191588785,115.731111336571,10.1865191588785,49.5618922653986,10.8166436946324,0.187816460277427,0.180371290617093
"p",0.5257,0.3551,0.0582,0.3535,0.5363,0.4675,37.3845390282795,7.6224868224299,37.3845390282795,7.6224868224299,141.806126633239,10.7808740665991,0.161778781210592,0.25056258847306
"p",0.133,0.2648,0.92,0.5548,0.2253,0.2639,91.1788010788109,9.43121230529595,91.1788010788109,9.43121230529595,19.7069896443628,9.15275251117667,0.114730712484237,0.428837979658445
"p",0.7858,0.77,0.8428,0.7652,0.9241,0.8739,15.63685403917,2.30815177570094,15.63685403917,2.30815177570094,23.2325381961194,5.72179995397929,0.0480469501891551,0.723774381569787
"p",0.0135,0.0084,0.1429,0.1327,0.0243,0.0241,149.685252959488,21.5804842990654,149.685252959488,21.5804842990654,109.563724077734,15.1113212030381,0.332807483606557,0.0209404012384573
"p",0.6608,0.6036,0.2054,0.3953,0.5881,0.57,27.4925027684847,4.50840981308411,27.4925027684847,-4.50840981308411,102.04291272532,11.6130626952392,-0.0623742957124837,0.677662341040361
"p",0.3891,0.8802,0.1399,0.2993,0.4683,0.3513,53.1086259325237,1.26917028037383,53.1086259325237,-1.26917028037383,113.991919749181,12.4738222647842,-0.0361005964691046,0.804660812291151
"p",0.5185,0.4818,0.0886,0.1634,0.2717,0.2822,38.3093100567134,5.84227333333334,-38.3093100567134,-5.84227333333334,127.2375779898,14.6134734842753,-0.0480262686002526,0.738010829310688
"p",0.5467,0.7464,0.6821,0.8769,0.7575,0.7959,34.5861504607684,2.63622439252337,34.5861504607684,-2.63622439252337,36.5141868555375,4.94470273623584,-0.0252422704918032,0.856764341385813
"p",0.3769,0.1687,0.3328,0.4587,0.568,0.4478,52.5132962372848,11.2277530841122,52.5132962372848,11.2277530841122,70.4031695384944,9.6761062873347,0.204989882723833,0.146842745076895
"p",0.3723,0.4086,0.902,0.4911,0.5593,0.462,52.8665764743008,6.76210744548286,52.8665764743008,6.76210744548286,20.5485700564409,9.18371592302966,0.126637483606557,0.37135156500462
"p",0.1287,0.1631,0.4565,0.2514,0.2184,0.1541,96.0391984311788,12.2355934890966,96.0391984311788,12.2355934890966,65.1770934780263,14.150748834858,0.254948592686002,0.092527031067802
"p",0.5006,0.6966,0.3357,0.3775,0.5689,0.4718,38.1050836148358,2.9981431152648,-38.1050836148358,2.9981431152648,65.479724537981,9.94396582375814,0.0663426916771755,0.627677422828194
"p",0.957,0.7659,0.9965,0.9944,0.9971,0.9977,3.5345976814502,2.51234554517134,3.5345976814502,2.51234554517134,7.50409815384167,2.46146859461203,0.0500528430012608,0.737465504102051
"p",0.0494,0.3313,0.0375,0.0062,0.0114,0.0091,106.699873525019,7.29544816199377,106.699873525019,7.29544816199377,135.342687368909,20.260578486229,0.0379312295081966,0.771248778331803
"p",0.4702,0.7008,0.8458,0.7096,0.6696,0.6523,45.0870308778275,3.35927725856698,45.0870308778275,3.35927725856698,27.135602919882,7.60390566350249,0.0603486645649432,0.680704737516262
"p",0.1002,0.4794,0.652,0.6057,0.1734,0.2326,100.956326543529,6.00577059190031,100.956326543529,6.00577059190031,42.518693984092,8.59809421396098,0.1185815592686,0.418644070032777
"p",0.5288,0.6915,0.9979,0.9976,0.7305,0.8225,38.927580745198,3.34674464174455,38.927580745198,3.34674464174455,6.58610974169035,1.80721760089384,0.0719051885245901,0.625903135811571
"p",0.3544,0.4511,0.751,0.7941,0.5454,0.6003,57.7208703767889,6.50867364485981,57.7208703767889,6.50867364485981,35.7781147651745,6.69550796619943,0.0456059697351828,0.75853793130934
"p",0.9705,0.9028,0.7955,0.3281,0.5006,0.6373,2.10017833382771,0.944574018691591,2.10017833382771,-0.944574018691591,29.8331128887087,11.7381380863044,-0.0178576683480454,0.901969411811544
"p",0.8141,0.4072,0.6375,0.8309,0.9523,0.9201,14.8976066495417,7.24563373831776,14.8976066495417,7.24563373831776,45.4529594577414,6.49466998218372,0.183547063051702,0.217632478386981
"p",0.1628,0.6155,0.7462,0.6105,0.2735,0.3191,79.5663384638661,3.8544492211838,79.5663384638661,3.8544492211838,30.2339505943608,7.44290419844579,0.0479649274905421,0.723649199678346
"p",0.1215,0.0319,0.1834,0.5909,0.2052,0.2559,91.0481597387444,17.6883276012461,-91.0481597387444,-17.6883276012461,94.2254899754845,8.03785618937349,-0.278636424337957,0.0487122616464661
"p",0.1765,0.6976,0.8254,0.3693,0.2925,0.2384,81.1086738726615,3.25874576323987,81.1086738726615,3.25874576323987,27.9049575872284,11.1412288374584,0.0823435069356871,0.568351724804562
"p",0.7979,0.9268,0.1759,0.3073,0.4796,0.5491,16.3786869112169,0.777603738317757,-16.3786869112169,-0.777603738317757,108.529666038679,12.84923788999,0.0247212181588901,0.868266583594539
"p",0.0118,0.0315,0.0142,0.0205,0.0216,0.0064,147.75687626908,17.9392808411215,147.75687626908,17.9392808411215,204.626618677761,21.3437498602076,0.327968404161412,0.0204671803480738
"p",0.8298,0.9468,0.7313,0.5071,0.7129,0.7417,11.9742905901087,0.519084236760125,11.9742905901087,0.519084236760125,30.9807194541608,8.4049662743624,0.0285433726355612,0.8332289637757
"p",0.0941,0.1649,0.6435,0.4116,0.1628,0.1729,98.4395470808462,11.2163944548287,98.4395470808462,11.2163944548287,40.5054810471794,10.0980386083054,0.153685411727617,0.274610924824846
"p",0.4623,0.505,0.538,0.6728,0.6666,0.6306,41.6871185904595,5.25328819314642,41.6871185904595,5.25328819314642,46.2655587880418,6.99865697254177,0.132357766708701,0.335229461011779
"p",0.2098,0.4218,0.5447,0.4256,0.3384,0.292,72.3309524948682,6.40229470404984,72.3309524948682,6.40229470404984,45.5487172840703,9.39088849853388,0.105408025851198,0.444084369797564
"p",0.3736,0.8681,0.3877,0.2252,0.3649,0.2829,53.9407462127872,1.43366433021807,53.9407462127872,1.43366433021807,68.1609444475545,13.7424835510908,0.00929667591424976,0.949474393565247
"p",0.3673,0.7912,0.8962,0.8881,0.5553,0.6442,53.8835234558524,2.1720653894081,53.8835234558524,2.1720653894081,21.6915643586173,4.90908295129269,0.0746526796973517,0.603541872240823
"p",0.0535,0.0638,0.3723,0.5358,0.0949,0.1389,122.648849870825,16.3369364485981,122.648849870825,16.3369364485981,77.8707347535505,10.5340190609909,0.2608706481715,0.08884378923397
"p",0.5574,0.7805,0.7416,0.7513,0.7614,0.7383,34.9367322534293,2.26399996884735,34.9367322534293,-2.26399996884735,33.2264421645361,6.5056350616934,0.038734656368222,0.782867019625959
"p",0.3903,0.8094,0.8978,0.4619,0.5839,0.4622,51.1288260389867,1.96227828660436,51.1288260389867,1.96227828660436,20.8670107278244,9.46920334749866,-0.00565710844892812,0.967908763249011
"p",0.501,0.4505,0.7062,0.9363,0.702,0.7791,41.2901022702739,6.40181700934579,41.2901022702739,6.40181700934579,38.3098970202473,4.6599623294492,0.145436006935687,0.320603192210399
"p",0.6871,0.908,0.9524,0.9766,0.8741,0.9168,24.3057316482805,0.996875264797509,24.3057316482805,0.996875264797509,15.3005533525789,3.1490905693424,0.0699683656998738,0.624902258660999
"p",0.652,0.3696,0.7657,0.537,0.7468,0.674,26.953792857959,7.4941561682243,-26.953792857959,-7.4941561682243,33.2355781287671,9.37602984866279,-0.0932638808322824,0.522530642630147
"p",0.8518,0.9431,0.6493,0.8795,0.9678,0.9507,11.6154710736256,0.599181713395638,11.6154710736256,0.599181713395638,42.4079120811702,5.20989580068448,0.0290142099621689,0.843023345324889
"p",0.1798,0.42,0.8853,0.4386,0.2975,0.2758,84.0749733173556,6.94961171339564,84.0749733173556,6.94961171339564,24.8096453684559,11.142502817743,0.127641965952081,0.395062862983052
"p",0.1532,0.7342,0.0294,0.0107,0.0194,0.0226,80.6486020967545,2.72860900311527,80.6486020967545,-2.72860900311527,163.20136229708,22.0625625251034,-0.017147301387137,0.900598600393513
"p",0.0692,0.1922,0.6342,0.5074,0.1215,0.1647,111.477680318837,11.1143486604361,111.477680318837,11.1143486604361,44.0829520380702,9.75000866918626,0.227538242749054,0.11956507340837
"p",0.568,0.8315,0.935,0.9057,0.7715,0.8178,34.4085375681011,1.77896485981308,34.4085375681011,1.77896485981308,17.7621456079798,4.89893346498594,0.0326648682219421,0.820726590282675
"p",0.7699,0.9343,0.2869,0.5323,0.7372,0.7307,17.8635240186884,0.667901183800625,-17.8635240186884,-0.667901183800625,79.9966212361829,9.13769034271933,0.0260125567465321,0.856585130923275
"p",0.4015,0.6471,0.9453,0.6425,0.5989,0.5703,50.3283737684074,3.80285959501558,50.3283737684074,3.80285959501558,16.5151792729015,7.74319678543441,0.0727531538461538,0.610989115722681
"p",0.5771,0.9672,0.1678,0.3743,0.5607,0.5108,33.0016544650307,0.339865295950156,-33.0016544650307,-0.339865295950156,98.563680941618,10.6679092266343,0.0324967011349306,0.817819408974393
"p",0.1356,0.3109,0.8787,0.5816,0.2285,0.2716,90.6154974485132,8.66371919003115,90.6154974485132,8.66371919003115,23.2807880631936,8.69526720657593,0.222728868852459,0.124169710264731
"p",0.2798,0.5535,0.7008,0.5125,0.4405,0.3971,64.222777305804,4.91354894080997,64.222777305804,4.91354894080997,37.3690121012833,9.0799305144468,0.0900334981084489,0.535085882231683
"p",0.4664,0.3976,0.1478,0.013,0.0241,0.0523,44.4189197078394,7.11380741433022,44.4189197078394,7.11380741433022,109.051266537372,24.0842738527059,0.135123627364439,0.351172559787844
"p",0.321,0.448,0.9227,0.6244,0.4969,0.4897,60.5225564149085,6.50194623052959,-60.5225564149085,-6.50194623052959,19.7188744398855,8.3223497172847,-0.116381376418663,0.427127701032196
"p",0.289,0.8812,0.5116,0.5814,0.4529,0.4366,60.7837733071393,1.19018093457944,60.7837733071393,1.19018093457944,47.7786042234172,7.74041440430085,0.0551908070617906,0.686387367804994
"p",0.1263,0.2457,0.3674,0.0667,0.1172,0.0649,87.9335788198436,9.22694348909658,87.9335788198436,9.22694348909658,63.1732712367924,16.4316120650285,0.124650320933165,0.364721704888116
"p",0.2761,0.4227,0.6244,0.7858,0.4272,0.5078,67.2220486446142,6.84303137071651,67.2220486446142,6.84303137071651,45.7686293964196,6.39488970395701,0.0796722320302649,0.591858414943407
"p",0.5229,0.7298,0.6745,0.5767,0.7286,0.6191,40.0847335291827,2.91029760124611,-40.0847335291827,-2.91029760124611,43.1259884479565,9.32778497804986,-0.0527896488020176,0.722038468229733
"p",1e-04,0.0112,0.1052,6e-04,2e-04,0,242.478503540835,21.065271682243,242.478503540835,21.065271682243,122.56033588416,32.7896848194839,0.358256871374527,0.0127664027456421
"p",0.4533,0.6398,0.716,0.738,0.6561,0.6583,44.9381248155894,3.8454899376947,44.9381248155894,3.8454899376947,35.7101198354302,6.85014032513959,0.0621697351828499,0.66383895941445
"p",0.0548,0.158,0.3628,0.203,0.1,0.0765,114.069900168527,11.6960165109034,114.069900168527,11.6960165109034,69.985085868383,13.6848906132096,0.209608031525851,0.145765595534792
"p",0.6939,0.5553,0.6344,0.2686,0.4199,0.4622,24.2727352989176,4.97932190031153,24.2727352989176,4.97932190031153,43.3557187200771,12.7712217714677,0.160747359394703,0.266545409573297
"p",0.659,0.4026,0.4668,0.6485,0.8445,0.7493,25.4954577894092,6.75608884735203,25.4954577894092,6.75608884735203,55.3259189427378,7.59093887913682,0.107211100882724,0.445099425709427
"p",0.8392,0.7841,0.8726,0.8306,0.9574,0.9289,12.4382387801894,2.29091732087227,-12.4382387801894,-2.29091732087227,25.3947871876485,6.35116593416233,0.0246213808322823,0.86900408530866
"p",0.1107,0.2796,0.7644,0.539,0.1881,0.2289,91.0774601375089,8.57918548286604,-91.0774601375089,-8.57918548286604,29.1482874997592,7.99343325382719,-0.140371808953341,0.303402705539213
"p",0.6702,0.7111,0.9116,0.4811,0.6838,0.6401,24.4823587001293,2.93683788161994,-24.4823587001293,-2.93683788161994,17.8257220950877,8.49389560550972,-0.023335001891551,0.863118279766654
"p",0.1849,0.0696,0.1737,0.6188,0.303,0.3458,78.7185444804257,15.0439691900312,78.7185444804257,15.0439691900312,99.2331082624568,7.79842288196221,0.315784663934426,0.0274544080585796
"p",0.2322,0.3601,0.8065,0.4755,0.3752,0.3405,73.9381519924526,7.76850641744548,73.9381519924526,7.76850641744548,30.5706687684607,10.3768148913041,0.133046752837327,0.368930376076895
"p",0.0156,0.0731,0.0572,0.0745,0.0296,0.0176,145.528208274658,15.1050562928349,145.528208274658,15.1050562928349,150.540148754824,17.6742594594703,0.209822159520807,0.14960679570953
"p",0.0684,0.0824,0.5984,0.7215,0.1202,0.2003,110.010843666621,14.6541284735202,110.010843666621,14.6541284735202,46.5575934523923,7.27982785624764,0.257875888398486,0.075166866488897
"p",0.0144,0.0785,0.2393,0.0033,0.0061,0.0037,148.373913489578,14.6886708411215,148.373913489578,14.6886708411215,90.1905386681378,27.4631251084007,0.133756927490542,0.360150346791418
"p",0.1964,0.3632,0.3297,0.2583,0.3224,0.2063,74.4591323362938,7.27263595015577,74.4591323362938,7.27263595015577,69.1494677058524,11.8605365255001,0.0513067856242117,0.711974023746997
"p",0.6112,0.9763,0.7938,0.3426,0.521,0.5006,29.1287081233329,0.236127352024924,29.1287081233329,0.236127352024924,28.8487419590782,11.029595938203,-0.0241840889029004,0.863985755977205
"p",0.2114,0.6753,0.7162,0.4511,0.3429,0.3083,76.2023890869044,3.46343763239875,76.2023890869044,3.46343763239875,37.2959527273371,10.3442172326566,0.0286408909205549,0.844860285333134
"p",0.7204,0.3195,0.1981,0.5099,0.7096,0.6866,20.9450513222551,8.03921186915888,-20.9450513222551,-8.03921186915888,88.0942989669108,8.74114745180994,-0.168211403530895,0.225341680482823
"p",0.4409,0.3314,0.5329,0.5574,0.6481,0.5576,44.7690183344914,7.67518548286604,44.7690183344914,7.67518548286604,46.5476423672651,8.22736025074023,0.160573152585119,0.24265208703995
"p",0.9781,0.8657,0.0158,0.0385,0.0692,0.1697,1.65959626738445,1.45310308411215,-1.65959626738445,1.45310308411215,212.813868847125,20.2310964161606,0.0871838947036569,0.55453759246962
"p",0.9481,0.7346,0.8259,0.4353,0.6377,0.7379,3.96265297237905,2.63889900311526,-3.96265297237905,-2.63889900311526,24.4126273883361,9.0793006927177,-0.0656247780580075,0.627618173964433
"p",0.0187,0.0659,0.5154,0.1812,0.0351,0.0365,138.118989233266,14.7701990965732,138.118989233266,14.7701990965732,50.3421352599001,13.4922097530571,0.290590873896595,0.0372744376765467
"p",0.9404,0.3675,0.2388,0.6556,0.8468,0.8845,3.95369844346505,7.20142140186916,3.95369844346505,-7.20142140186916,81.4745703112396,7.33743299160687,-0.0981806500630516,0.480293196618661
"p",0.5642,0.9174,0.2419,0.4788,0.686,0.5836,34.0341472051898,0.805631682242991,34.0341472051898,0.805631682242991,82.379481098412,9.11281526601466,-0.0119073348045396,0.932205802892187
"p",0.7339,0.7107,0.2173,0.013,0.024,0.0695,20.8064616229081,3.13109009345794,20.8064616229081,3.13109009345794,88.727885553013,22.3866368791861,0.103376315258512,0.463889839546777
"p",0.1313,0.2535,0.7491,0.4325,0.2218,0.2178,92.122117676974,9.65937383177571,92.122117676974,9.65937383177571,35.2483025968783,10.7313508573308,0.128336020176544,0.381866771537716
"p",0.0732,0.2708,0.5893,0.2827,0.1276,0.117,107.071021535186,9.04651302180685,107.071021535186,9.04651302180685,46.9035194957782,12.433010536777,0.111839335435057,0.440643571430681
"p",0.4515,0.7371,0.2609,0.1252,0.2141,0.2231,43.6999580165574,2.70523352024922,43.6999580165574,-2.70523352024922,76.8833855491724,14.1738253642881,-0.085574658259773,0.532660922686861
"p",0.5671,0.9514,0.9561,0.695,0.7737,0.7175,32.8949237969999,0.513997009345793,32.8949237969999,0.513997009345793,14.0945700891239,6.8230564162746,0.0708534987389659,0.610257245708276
"p",0.0594,0.098,0.0554,0.0027,0.0054,0.0065,106.737902194049,12.848356635514,106.737902194049,12.848356635514,131.885607384396,23.8071588249885,0.0935888568726352,0.490470688955893
"p",0.1319,0.3319,0.7804,0.2938,0.2184,0.1712,89.042312667417,8.03868205607477,89.042312667417,8.03868205607477,29.7399179299204,11.5385871976,0.0937004337957124,0.508131283620768
"p",0.7889,0.2195,0.1623,0.3443,0.5273,0.5879,15.909425948197,10.0455331775701,15.909425948197,10.0455331775701,101.993258357286,11.2213844359614,0.14482378184111,0.308345182358617
"p",0.0122,0.0215,0.0027,0.0028,0.005,0.0025,151.067360381215,19.4799014018692,151.067360381215,19.4799014018692,297.22383090954,28.7245953100104,0.28126277742749,0.0541290443999482
"p",0.1083,0.7672,0.2303,0.1109,0.1883,0.0794,96.137345723152,2.44764165109035,96.137345723152,2.44764165109035,89.3303538661291,16.0109632053888,0.0289989993694828,0.841077419116272
"p",0.7753,0.5937,0.631,0.8763,0.9296,0.9205,16.5537292155083,4.36950246105919,16.5537292155083,-4.36950246105919,40.6805586815652,4.82827461697193,-0.106832186002522,0.444799528269913
"p",0.1027,0.1175,0.7075,0.8001,0.1771,0.2796,92.0614175345887,12.2850857632399,92.0614175345887,12.2850857632399,33.5745927491817,5.65680485936741,0.228690361916771,0.0945164261895701
"p",0.1992,0.2734,0.5359,0.1561,0.2627,0.1476,77.6164772279856,9.17073831775701,77.6164772279856,9.17073831775701,50.3133971865232,14.490070012077,0.173048525220681,0.227622070105865
"p",0.0496,0.029,0.1567,0.0271,0.0488,0.0205,118.568204980066,18.1282801246106,118.568204980066,18.1282801246106,103.499693474529,20.7778290351951,0.269086913619167,0.0600926898336515
"p",0.1131,0.2344,0.6461,0.6573,0.1931,0.2623,92.2367166260826,9.50803894080997,92.2367166260826,9.50803894080997,39.7602021852842,7.37598353753736,0.0705047162673391,0.616150073034479
"p",0.1221,0.5537,0.7864,0.4847,0.2087,0.224,91.7628257960947,4.88025604361371,91.7628257960947,4.88025604361371,29.8681016003332,9.24064458763861,0.112488602143758,0.423745695631688
"p",0.8834,0.9265,0.9109,0.5514,0.7583,0.7974,9.10665663960678,0.720997040498441,9.10665663960678,-0.720997040498441,20.7925435061733,9.04474438990285,-0.0339471160151323,0.81481929219273
"p",0.674,0.807,0.5969,0.1385,0.2357,0.3005,24.9662027457671,2.03518859813084,24.9662027457671,-2.03518859813084,45.2738623016331,15.1621605541585,-0.0472307307692307,0.741724328784726
"p",0.0496,0.0129,0.0466,0.0393,0.0729,0.0244,120.970410910289,21.2150142367601,120.970410910289,21.2150142367601,170.102920491779,20.8019554083707,0.347029817150063,0.0201463112985035
"p",0.1003,0.3611,0.4456,0.0207,0.0379,0.0281,101.612688570549,7.84972056074766,101.612688570549,7.84972056074766,64.2795520308748,25.1186690319763,0.133999360025221,0.370085643507594
"p",0.0615,0.2362,0.7608,0.1301,0.1074,0.0671,113.869815789914,9.82051794392524,113.869815789914,9.82051794392524,33.1583192812625,15.7595014014748,0.182211614754098,0.202878809131264
"p",0.3587,0.7212,0.5191,0.4735,0.536,0.4363,53.5197686188203,2.94661174454829,53.5197686188203,2.94661174454829,48.8445015295141,8.969421942567,0.0211463858764187,0.878835466637176
"p",0.1377,0.129,0.213,0.4647,0.2338,0.2339,92.5740673617543,13.1651250778816,92.5740673617543,13.1651250778816,100.648573083962,10.5985739160588,0.241923075031526,0.104612155509593
"p",0.5892,0.7886,0.5265,0.2152,0.3459,0.3672,30.7500317816331,2.1272822741433,30.7500317816331,2.1272822741433,47.046163110163,12.4650144296198,0.022395127994956,0.87057227136586
"p",0.1085,0.7576,0.5635,0.3589,0.1853,0.1712,95.453212534002,2.51125140186916,95.453212534002,2.51125140186916,45.884321182805,10.5582556473804,0.0227096235813369,0.871693763212612
"p",0.1625,0.8028,0.0327,0.1807,0.2696,0.1443,85.8568662267374,2.18556171339564,85.8568662267374,2.18556171339564,176.923947196398,14.4838037219239,-0.00273402585119805,0.985149534319154
"p",0.5912,0.8811,0.9793,0.7853,0.7882,0.7713,32.4291452692336,1.24742062305296,32.4291452692336,1.24742062305296,11.4511183006151,6.21987199674214,-0.0219021727616644,0.879982372490093
"p",0.51,0.799,0.8588,0.6316,0.7107,0.6401,40.1150430950538,2.13952451713396,40.1150430950538,2.13952451713396,24.4183823225527,7.74251021661399,0.0508771979823453,0.720476507021229
"p",0.967,0.421,0.257,0.6364,0.8316,0.8837,2.24574815347018,6.30788031152648,-2.24574815347018,-6.30788031152648,74.7213546148299,7.2134325554255,-0.0675097332912989,0.619010490526869
"p",0.4706,0.6544,0.538,0.8249,0.6726,0.7074,43.4286554301562,3.72542429906542,-43.4286554301562,-3.72542429906542,51.4984248048311,5.80862342383175,-0.0325840365699872,0.821213684696232
"p",0.4839,0.7393,0.6166,0.8329,0.687,0.7212,37.8275872177449,2.4797776635514,37.8275872177449,2.4797776635514,36.475988646985,4.75409903864382,0.0820563385876419,0.531377978276933
"p",0.1035,0.2375,0.6858,0.2016,0.1791,0.1156,100.985345187864,10.0421278816199,100.985345187864,10.0421278816199,40.195837103936,14.3747409651241,0.135322915510719,0.357420408061802
"p",0.8001,0.8875,0.952,0.8816,0.9444,0.9336,14.5709988841166,1.13450613707165,-14.5709988841166,1.13450613707165,14.1810271051613,4.49552835370175,0.0457887547288777,0.736992410707843
"p",0.0282,0.1026,0.4584,0.3014,0.0512,0.0669,139.570303255819,14.3025042990654,139.570303255819,14.3025042990654,64.8747385118592,13.2674782964553,0.353176208701134,0.018855858810833
"p",0.6276,0.9272,0.9217,0.7638,0.8259,0.7927,29.4185199547654,0.75507034267913,29.4185199547654,0.75507034267913,19.3660381812952,6.6452981411774,0.00914877112232065,0.949245924772753
"p",0.2589,0.3521,0.6353,0.5672,0.4137,0.4035,68.7562781884426,7.79398367601246,68.7562781884426,7.79398367601246,43.14863253276,8.81421144051044,0.125567267339218,0.383695899903649
"p",0.0189,0.0438,0.3356,0.0755,0.0347,0.0213,141.448803396289,16.6597134579439,141.448803396289,16.6597134579439,71.2122845002012,17.0525070151204,0.312651767969735,0.0276972404979587
"p",0.4048,0.2419,0.2703,0.4925,0.6002,0.4871,46.0675101858811,8.94395087227414,46.0675101858811,8.94395087227414,68.8315796934973,8.08716027748997,0.126385985498108,0.339344593726115
"p",0.1292,0.1988,0.553,0.8948,0.2208,0.3456,85.0584208132257,9.99875563862928,85.0584208132257,9.99875563862928,44.5215669816211,4.37238520167512,0.163480951450189,0.22525349055688
"p",0.3857,0.1911,0.3831,0.6813,0.5753,0.5775,52.2420331871867,10.845409376947,52.2420331871867,10.845409376947,66.3033862104516,7.58997605045393,0.17872990037831,0.211149455089578
"p",0.4989,0.5597,0.5126,0.4105,0.6076,0.495,39.2861671839571,4.59061707165109,39.2861671839571,4.59061707165109,48.384579487713,9.47261469408778,0.133898051071879,0.331119175732116
"p",0.0554,0.4216,0.5436,0.2575,0.0987,0.0932,110.494388351361,6.35510809968847,110.494388351361,6.35510809968847,46.2336287990363,11.6467691794163,0.0936044590163933,0.495729155426766
"p",0.9738,0.5999,0.7805,0.4526,0.65,0.7607,1.79086077706946,4.282393894081,1.79086077706946,-4.282393894081,29.9057772794548,9.621161158696,-0.0365561601513242,0.79597465502574
"p",0.7744,0.9392,0.7975,0.9588,0.931,0.9489,18.0335602407051,0.649413987538943,18.0335602407051,0.649413987538943,33.4713467957211,4.33520357489797,0.0127729602774275,0.932561066865568
