"","pLW","pLU","pQU","pQH","pMin","pFisher","SW","SL","SWwin","SLwin","SC","SQ","CMCBeta","pBeta"
"p",0.6949,0.855,0.1395,0.1942,0.2932,0.3768,11.6648123616303,0.432830467289719,-11.6648123616303,-0.432830467289719,10.6464808177815,4.58065371538707,-0.0735124761904758,0.855098071222382
"p",0.057,0.0582,0.2723,0.2903,0.0914,0.1099,58.087732865065,4.53973831775701,-58.087732865065,-4.53973831775701,7.54031511240463,3.64269803174304,-0.771034920634919,0.0577717096358693
"p",0.7199,0.9198,0.2355,0.1932,0.2926,0.3854,11.052341068394,0.238296542056075,-11.052341068394,0.238296542056075,8.24947493406368,4.66250241567206,0.0404725873015874,0.921385115215375
"p",0.29,0.3985,0.6692,0.4614,0.4179,0.3728,32.9077243884255,2.06109719626168,-32.9077243884255,-2.06109719626168,2.83491072164605,2.57601034366099,-0.350059365079366,0.396184983440082
"p",0.5315,0.6673,0.614,0.6297,0.6978,0.6268,19.5933623326643,1.07636691588785,19.5933623326643,1.07636691588785,3.52158468824788,1.82737741632184,0.182811523809524,0.661966244623361
"p",0.113,0.0866,0.0646,0.1344,0.1772,0.1054,46.7649565210138,3.99496448598131,46.7649565210138,3.99496448598131,13.8338947332994,5.14240044680737,0.678509841269841,0.0863022154198343
"p",0.977,0.8343,0.292,0.215,0.3251,0.4878,0.867782339060071,0.492752710280374,0.867782339060071,0.492752710280374,7.30327751192721,4.43561260087779,0.0836897460317461,0.837953434687327
"p",0.5719,0.5824,0.2414,0.2549,0.3733,0.3892,16.980935926018,1.2933714953271,16.980935926018,1.2933714953271,7.90503004370087,3.87039668544935,0.219667857142857,0.586802494080659
"p",0.9226,0.9988,0.3393,0.3074,0.4435,0.573,2.92452234355813,0.00361158878504675,-2.92452234355813,0.00361158878504675,6.66784308645534,3.70505021688888,0.000613396825397615,0.998832794614483
"p",0.9324,0.8735,0.964,0.9567,0.9862,0.9826,2.19331805223426,0.350948785046729,2.19331805223426,0.350948785046729,0.446928365553378,0.284016289666543,0.0596055873015873,0.878334169033064
"p",0.8274,0.9858,0.7278,0.7286,0.8752,0.8499,6.99289541015984,0.0470231775700931,6.99289541015984,-0.0470231775700931,2.56439803853996,1.40078003733027,-0.00798647619047612,0.984886150505365
"p",0.2941,0.4549,0.3457,0.2922,0.4182,0.2903,32.9353018362046,1.84490093457944,-32.9353018362046,-1.84490093457944,6.56149537975486,3.82768173638334,-0.313340317460318,0.455004002919056
"p",0.8407,0.8606,0.0574,0.1037,0.1651,0.2952,5.97672003275249,0.41110785046729,-5.97672003275249,0.41110785046729,15.3339640534829,6.2345649466996,0.0698230793650798,0.866376661129
"p",0.9935,0.8131,0.7389,0.7533,0.8879,0.9259,0.251240894372399,0.557831214953271,0.251240894372399,0.557831214953271,2.14722596824891,1.0973735402805,0.0947427619047617,0.816813437498821
"p",0.4911,0.5396,0.8554,0.8478,0.6599,0.7098,21.6186648171087,1.52250719626168,21.6186648171087,1.52250719626168,1.48520288757035,0.833718036834135,0.258584555555556,0.530987939558166
"p",0.1542,0.2325,0.0877,0.0793,0.1258,0.0937,42.5200821378864,2.83048177570093,-42.5200821378864,-2.83048177570093,12.9059933879764,6.51341354371552,-0.480732619047619,0.230905600369068
"p",0.6339,0.6819,0.9708,0.9599,0.7982,0.8516,14.5378434950756,0.988461962616822,14.5378434950756,0.988461962616822,0.438061157856586,0.301972006578118,0.167881634920635,0.686305671265363
"p",0.1686,0.1486,0.4301,0.5201,0.2579,0.2895,40.4270651596953,3.34980878504673,40.4270651596953,3.34980878504673,4.81654162015898,2.06681092351666,0.568935777777777,0.147528760126369
"p",0.3298,0.4623,0.7795,0.5807,0.4732,0.4616,29.723214585478,1.76428130841121,-29.723214585478,-1.76428130841121,2.07952832945113,2.00731629668485,-0.299647777777778,0.465580485356334
"p",0.5598,0.5093,0.6609,0.6706,0.7269,0.667,18.3030889627698,1.62704289719626,-18.3030889627698,-1.62704289719626,3.12867841097694,1.62204173826332,-0.276339031746032,0.513441823214918
"p",0.5087,0.448,0.7839,0.8665,0.6724,0.723,21.1237255560629,1.90738682242991,21.1237255560629,1.90738682242991,2.09497189771286,0.766798565451852,0.323953,0.441536779779509
"p",0.6378,0.6993,0.3791,0.4313,0.5925,0.5668,14.3852152978113,0.919087663551402,14.3852152978113,0.919087663551402,5.75337709918483,2.66581398587234,0.156099015873016,0.701532740697627
"p",0.3759,0.6902,0.1799,0.1138,0.1785,0.1953,26.7597137991553,0.952896542056075,-26.7597137991553,-0.952896542056075,9.09900825400636,5.64359692607511,-0.161841158730159,0.685726474263428
"p",0.246,0.2181,0.5092,0.5737,0.3633,0.3842,35.9192123585184,3.00707317757009,-35.9192123585184,-3.00707317757009,4.37484646865678,1.96327145679118,-0.510725126984126,0.212513673438321
"p",0.5074,0.6065,0.0752,0.0413,0.0684,0.1253,20.1953140242806,1.24256560747664,20.1953140242806,1.24256560747664,13.4119668446945,7.57239269698736,0.21103892063492,0.597128713982606
"p",0.1188,0.1169,0.3999,0.4536,0.181,0.2171,44.8654528281633,3.56996093457944,-44.8654528281633,-3.56996093457944,4.83571447665766,2.22063118936046,-0.606326698412698,0.116321780559439
"p",0.1137,0.1541,0.3222,0.2783,0.1782,0.1605,49.8596981393658,3.53753962616822,-49.8596981393658,-3.53753962616822,7.12968233211428,4.05828652958262,-0.600820222222222,0.154232755045369
"p",0.8644,0.9079,0.6342,0.6242,0.7898,0.8032,5.42868183754544,0.282343738317757,-5.42868183754544,0.282343738317757,3.42081695766899,1.89717311392078,0.0479536190476193,0.910770216952936
"p",0.2144,0.322,0.5437,0.4193,0.3244,0.2969,39.7347294984503,2.53034794392523,-39.7347294984503,-2.53034794392523,4.37210041122002,3.0050374964545,-0.429757507936508,0.310650674854882
"p",0.4174,0.2855,0.2323,0.4112,0.5597,0.4366,24.9976137877785,2.62962551401869,24.9976137877785,2.62962551401869,8.73088729344344,3.00124052812813,0.446618936507938,0.282821856790805
"p",0.1774,0.0736,0.0154,0.0093,0.0156,0.0302,42.5508771894006,4.40320728971963,-42.5508771894006,-4.40320728971963,23.737564262959,12.7244219516627,-0.747846317460316,0.076344266853829
"p",0.7594,0.7167,0.47,0.5763,0.7429,0.7254,9.33718823666631,0.86748093457944,-9.33718823666631,-0.86748093457944,4.68205475177355,1.96562970192009,-0.147334063492063,0.718076507803439
"p",0.8705,0.8123,0.8018,0.7841,0.9101,0.893,4.93801603235833,0.58604953271028,-4.93801603235833,-0.58604953271028,1.87010917747085,1.08198466199006,-0.0995353968253977,0.810572883169499
"p",0.7819,0.8967,0.6603,0.7186,0.8624,0.8188,8.96658921035482,0.325016728971963,-8.96658921035482,-0.325016728971963,2.90683287822415,1.29641640972859,-0.0552012539682541,0.894999930926491
"p",0.9439,0.6559,0.1368,0.1178,0.1862,0.3373,2.20798343069321,1.11871280373832,-2.20798343069321,1.11871280373832,11.6808659411386,6.27614815968838,0.190003603174603,0.654617042737909
"p",0.4483,0.327,0.489,0.585,0.6032,0.5451,23.5561202481059,2.36758906542056,-23.5561202481059,-2.36758906542056,4.4784804659857,1.86255847484847,-0.402114333333334,0.333044733366967
"p",0.8523,0.7767,0.7235,0.8143,0.9288,0.9008,5.82376471933292,0.707271869158879,5.82376471933292,0.707271869158879,2.55735277993646,0.951096539081043,0.120123952380953,0.777144391725759
"p",0.309,0.2705,0.2288,0.3418,0.4437,0.3297,31.9559246254848,2.6930023364486,-31.9559246254848,-2.6930023364486,8.56411634104516,3.37638124110537,-0.457382936507937,0.273103661303796
"p",0.2212,0.1779,0.4371,0.5632,0.3314,0.3582,35.4378337335261,3.07308028037383,35.4378337335261,3.07308028037383,4.60673156763456,1.8152047815894,0.521935857142856,0.17961004247424
"p",0.5793,0.5305,0.8149,0.8291,0.7387,0.7538,17.1446238791389,1.52591626168224,-17.1446238791389,-1.52591626168224,1.6872465096235,0.815808509514698,-0.259163555555556,0.528582903249402
"p",0.6938,0.7598,0.1589,0.1889,0.2889,0.3738,12.6015703094754,0.766919626168225,-12.6015703094754,-0.766919626168225,11.343559294789,5.19468948763113,-0.130254603174603,0.762893845861051
"p",0.1768,0.1217,0.2681,0.3745,0.2696,0.2505,38.6120532748527,3.49597607476635,-38.6120532748527,-3.49597607476635,6.91396918159145,2.70893023570842,-0.593761015873017,0.126680633222442
"p",0.7916,0.8613,0.9661,0.9347,0.9147,0.9228,7.88175958775191,0.40223785046729,7.88175958775191,0.40223785046729,0.445623226207872,0.391553282035445,0.0683165873015877,0.864384604850771
"p",0.4308,0.4272,0.6399,0.7123,0.5863,0.5919,23.4169518524746,1.85641663551402,-23.4169518524746,-1.85641663551402,2.90038578294251,1.27376260721646,-0.315296158730159,0.424649776438827
"p",0.3535,0.5451,0.6326,0.4142,0.5005,0.3928,27.4092271330499,1.41198186915888,-27.4092271330499,-1.41198186915888,2.93816256941631,2.62422913184766,-0.239812793650793,0.546492175873037
"p",0.8502,0.8365,0.9897,0.993,0.9497,0.9666,5.79654919393669,0.516416448598131,5.79654919393669,0.516416448598131,0.194371007883409,0.0940861720295924,0.0877088253968253,0.834379824187918
"p",0.3584,0.3701,0.6611,0.6889,0.5023,0.5287,26.912684087651,2.0587485046729,-26.912684087651,-2.0587485046729,2.63476213236878,1.28667309592979,-0.34966046031746,0.374157702916063
"p",0.8892,0.6049,0.3479,0.3679,0.5228,0.6261,4.38907612134306,1.2392991588785,4.38907612134306,1.2392991588785,6.19019297350396,3.09382274605623,0.210484142857143,0.599147797008974
"p",0.6767,0.8837,0.5488,0.5616,0.7287,0.6736,13.4737746131173,0.373111775700935,-13.4737746131173,-0.373111775700935,4.27238494381509,2.22771886405036,-0.0633697777777779,0.882312015401125
"p",0.9632,0.8967,0.8341,0.8622,0.9595,0.9644,1.42917467038454,0.301926542056075,-1.42917467038454,0.301926542056075,1.43746274924281,0.686273871143577,0.0512795873015865,0.898451909071684
"p",0.7396,0.7208,0.5984,0.6141,0.7779,0.7387,10.3337882105558,0.861899065420561,-10.3337882105558,-0.861899065420561,3.42896176285766,1.74069833783314,-0.146386031746032,0.718110975916653
"p",0.6738,0.9812,0.2885,0.2807,0.4099,0.4555,12.4661485202519,0.0566882242990654,-12.4661485202519,-0.0566882242990654,6.64683346590855,3.52118260103996,-0.00962800000000017,0.980678449978573
"p",0.54,0.4003,0.4415,0.4368,0.6009,0.5185,19.0128663389543,2.0950408411215,-19.0128663389543,-2.0950408411215,5.39859547513449,2.85572996264964,-0.355824396825399,0.396550742376014
"p",0.0828,0.1231,0.4802,0.3346,0.1343,0.1495,49.5838944404842,3.48100906542056,-49.5838944404842,-3.48100906542056,4.19440219487126,3.0255442576064,-0.591219,0.127343808454036
"p",0.9904,0.8656,0.9131,0.8904,0.9719,0.9804,0.358775906362412,0.40339261682243,-0.358775906362412,-0.40339261682243,0.979446401431012,0.642310385227732,-0.0685127142857146,0.866867727136361
"p",0.1802,0.2129,0.5356,0.5081,0.2765,0.3003,40.8668238415715,2.99370757009346,-40.8668238415715,-2.99370757009346,4.10249572904061,2.29806940237073,-0.508455095238095,0.213380462236216
"p",0.1182,0.2096,0.1681,0.1233,0.184,0.1035,47.3778327660735,3.01830841121495,-47.3778327660735,-3.01830841121495,9.97470226994631,5.68821926535887,-0.512633333333333,0.210427103298361
"p",0.8778,0.935,0.2515,0.3478,0.488,0.5914,4.81543004002797,0.212774112149533,-4.81543004002797,0.212774112149533,8.16576297556951,3.32336302206298,0.0361378253968256,0.931336435908499
"p",0.4387,0.2441,0.0664,0.1505,0.231,0.2469,24.3636497054368,2.87294663551402,-24.3636497054368,-2.87294663551402,15.207045761839,5.39542805466679,-0.487944904761906,0.242980518438387
"p",0.5283,0.4309,0.4939,0.4893,0.6632,0.5477,18.4860710289363,1.79969803738318,-18.4860710289363,-1.79969803738318,4.22129251210664,2.2651635609154,-0.305663,0.431152409163523
"p",0.9714,0.6352,0.1549,0.1165,0.1839,0.341,1.15348492260934,1.1788623364486,-1.15348492260934,1.1788623364486,10.8652128652836,6.11649157186753,0.200219476190476,0.63202406720799
"p",0.5876,0.5281,0.8278,0.904,0.7539,0.7983,16.7200025659178,1.51914373831776,-16.7200025659178,-1.51914373831776,1.66408971684095,0.568186395104181,-0.258013301587301,0.52730806317269
"p",0.8659,0.8555,0.8238,0.8579,0.9524,0.9231,4.91195454676089,0.436214672897196,4.91195454676089,0.436214672897196,1.54579362502459,0.676634284256306,0.0740872539682541,0.853868440896377
"p",0.0277,0.0108,0.0082,0.0311,0.0475,0.0201,63.6038863405318,5.75371224299065,63.6038863405318,5.75371224299065,22.195241168558,7.64068014713194,0.977217793650793,0.011685497784392
"p",0.6665,0.9769,0.0133,0.0256,0.042,0.1118,13.2019162852464,0.0713107476635513,-13.2019162852464,0.0713107476635513,22.5901848699906,9.50266573037485,0.0121115079365079,0.975996332645908
"p",0.5045,0.4226,0.687,0.8046,0.6695,0.6967,21.4020177752973,2.02708411214953,21.4020177752973,2.02708411214953,2.98871750906514,1.04719371924311,0.344282539682539,0.42242496036004
"p",0.6867,0.4567,0.2719,0.2017,0.3037,0.3801,12.6269277823616,1.82387962616822,-12.6269277823616,-1.82387962616822,7.59294455150161,4.56851110257833,-0.309770031746031,0.454439533642657
"p",0.4064,0.3906,0.8176,0.8712,0.5602,0.645,25.6273443603051,2.06883401869159,25.6273443603051,2.06883401869159,1.73446424873354,0.729777738187846,0.351373396825399,0.39878350194699
"p",0.7248,0.772,0.9775,0.9629,0.8698,0.9044,10.1894137559477,0.670604392523364,10.1894137559477,0.670604392523364,0.318882743309528,0.248628746899496,0.113896301587302,0.773916475837655
"p",0.278,0.3046,0.7314,0.7066,0.4036,0.4668,33.1495347762828,2.45077018691589,-33.1495347762828,-2.45077018691589,2.32318321429441,1.31420606421309,-0.416241920634921,0.312650637434024
"p",0.3491,0.4978,0.564,0.4732,0.4972,0.4253,27.7393707449055,1.56755476635514,-27.7393707449055,-1.56755476635514,3.57305656245614,2.31701792332939,-0.266235492063492,0.506447062000904
"p",0.2049,0.1278,0.0724,0.171,0.2561,0.1703,38.3891284017325,3.67390785046729,-38.3891284017325,-3.67390785046729,14.2711661743191,4.8120393505161,-0.623981174603174,0.122695161051739
"p",0.5588,0.5493,0.9264,0.9424,0.7269,0.7956,18.2308444673505,1.48551831775701,-18.2308444673505,-1.48551831775701,0.895604412518857,0.392021493625622,-0.252302317460318,0.542728526679797
"p",0.924,0.9469,0.9549,0.9533,0.9833,0.9788,3.14260345450169,0.159857476635514,-3.14260345450169,-0.159857476635514,0.664524722760991,0.38279680389842,-0.0271503968253967,0.949461029172656
"p",0.7895,0.5787,0.4578,0.571,0.7337,0.7329,8.67908177924666,1.39220084112149,8.67908177924666,1.39220084112149,5.44916777820261,2.20290807346412,0.236453158730159,0.58363540837156
"p",0.5057,0.6627,0.229,0.2668,0.3933,0.3754,21.409062047878,1.12102271028037,-21.409062047878,-1.12102271028037,9.02006325203074,4.16751748766563,-0.19039592063492,0.656340416834917
"p",0.8831,0.8603,0.5394,0.464,0.6304,0.7008,4.87850344316809,0.451372056074766,-4.87850344316809,0.451372056074766,4.19380067728607,2.6862121466797,0.0766616031746028,0.854411028229633
"p",0.1313,0.0978,0.2665,0.3439,0.2038,0.1958,48.2073442338773,4.12077719626168,-48.2073442338773,-4.12077719626168,8.16481086493992,3.4561953400865,-0.699878031746032,0.0947680646450704
"p",0.2042,0.3429,0.3906,0.2686,0.3078,0.2227,40.00888725307,2.35922401869159,-40.00888725307,-2.35922401869159,5.98590816257746,4.05614092278514,-0.400693603174603,0.334199258616868
"p",0.1958,0.2062,0.238,0.2381,0.2885,0.2027,38.6645117312476,2.99639448598131,-38.6645117312476,-2.99639448598131,8.08985847172278,4.07794872040885,-0.508911444444444,0.210269323351568
"p",0.9011,0.8274,0.9462,0.9385,0.9755,0.9686,3.69152490584128,0.518970280373832,-3.69152490584128,-0.518970280373832,0.652842260182741,0.397718622494158,-0.0881425714285724,0.829077052547591
"p",0.3483,0.3194,0.7271,0.8104,0.4975,0.5744,29.3425292102829,2.43200785046729,29.3425292102829,2.43200785046729,2.5762584630493,1.01865149391787,0.413055301587302,0.325332397252274
"p",0.1484,0.1477,0.341,0.3595,0.2262,0.2187,41.3109556602065,3.27296719626168,-41.3109556602065,-3.27296719626168,5.63795621443764,2.78024086431152,-0.555884904761905,0.157479302181012
"p",0.1386,0.1805,0.0083,0.0045,0.0078,0.0164,46.8900819195927,3.35345373831776,-46.8900819195927,-3.35345373831776,25.3219320862701,12.3443112781306,-0.569554841269841,0.17369828239811
"p",0.2392,0.1971,0.4528,0.5352,0.3547,0.3628,38.3922882365197,3.3003276635514,38.3922882365197,3.3003276635514,5.5877255339975,2.44604734379699,0.560531841269842,0.196713962653698
"p",0.7495,0.8585,0.2958,0.367,0.5127,0.5641,9.98459267539755,0.428111495327103,-9.98459267539755,-0.428111495327103,7.57928649524812,3.29660919651721,-0.072711,0.863473472504919
"p",0.5304,0.378,0.2065,0.3661,0.5184,0.4628,19.3754136785695,2.15469,19.3754136785695,2.15469,9.20905776305556,3.18920363731652,0.365955285714286,0.378691044143894
"p",0.1416,0.2957,0.3139,0.1504,0.2243,0.1287,43.839799834889,2.48903009345794,-43.839799834889,-2.48903009345794,6.68561157853868,5.09297725638709,-0.422740031746031,0.296320206570771
"p",0.6272,0.6926,0.9553,0.9345,0.7896,0.8351,15.1372489729545,0.974563551401869,-15.1372489729545,-0.974563551401869,0.577114656950284,0.407349749361338,-0.165521111111111,0.686378875792155
"p",0.6923,0.7439,0.9298,0.8974,0.8497,0.8607,12.2821948576163,0.785081401869159,-12.2821948576163,-0.785081401869159,0.856283450653361,0.609121791128972,-0.133339222222222,0.74537034578333
"p",0.1394,0.1472,0.5047,0.5336,0.2138,0.2624,47.8100546394793,3.69407028037383,-47.8100546394793,-3.69407028037383,4.89412014832085,2.40063514656634,-0.627405587301588,0.153235581303537
"p",0.3588,0.6442,0.2563,0.1567,0.2397,0.2226,26.9976354841327,1.06840560747664,-26.9976354841327,-1.06840560747664,7.25355971421389,4.759039670862,-0.181459365079365,0.647004104298552
"p",0.5115,0.747,0.466,0.2393,0.3549,0.3553,20.5944332778519,0.816015981308411,-20.5944332778519,-0.816015981308411,5.13617116612575,4.49598469783371,-0.138593190476191,0.748656390309393
"p",0.3291,0.1555,0.0795,0.1253,0.1949,0.1898,27.3111301400814,3.12379869158879,-27.3111301400814,-3.12379869158879,11.5797528467247,4.75625782964113,-0.530549936507936,0.159747517845658
"p",0.9173,0.9556,0.3282,0.4362,0.5959,0.6892,3.36311071592093,0.138410934579439,-3.36311071592093,0.138410934579439,7.14323898897573,2.93106605559327,0.023507888888889,0.955877644368869
"p",0.7548,0.8734,0.9319,0.9026,0.8924,0.8943,9.66233192334586,0.38239906542056,-9.66233192334586,-0.38239906542056,0.835947442932427,0.592632978268287,-0.0649471428571426,0.878524916052338
"p",0.8677,0.9095,0.7413,0.7911,0.9178,0.8964,5.37429515557311,0.293646355140187,-5.37429515557311,-0.293646355140187,2.3417303689696,1.05193901206366,-0.0498732698412694,0.907094502025161
"p",0.9683,0.9301,0.4715,0.4074,0.5624,0.686,1.39810425203938,0.222530560747664,1.39810425203938,-0.222530560747664,5.14236158784965,3.10390001900198,-0.0377948730158731,0.929927554842352
"p",0.1704,0.2009,0.6299,0.5779,0.2581,0.3074,42.9924795676055,3.13526476635514,-42.9924795676055,-3.13526476635514,3.3598494826822,2.05119640797834,-0.53249734920635,0.20426066146056
"p",0.1924,0.2515,0.1706,0.1665,0.2556,0.1587,42.1054871061043,2.92045672897196,-42.1054871061043,-2.92045672897196,10.9055856326391,5.55124479381061,-0.496014079365079,0.250176323726423
"p",0.4175,0.6519,0.5224,0.3215,0.4587,0.3718,23.9097786008808,1.02205859813084,-23.9097786008808,-1.02205859813084,3.85588251032439,3.11651148140854,-0.17358773015873,0.658657678435866
"p",0.1661,0.1592,0.4186,0.5078,0.2471,0.2853,42.6096204558372,3.41901831775701,-42.6096204558372,-3.41901831775701,5.24461710955354,2.20537094292034,-0.580690412698411,0.156783444162168
"p",0.4758,0.5491,0.9207,0.8625,0.6386,0.6981,22.5625515806177,1.50647037383178,-22.5625515806177,-1.50647037383178,0.902625729496939,0.763076601960175,-0.255860841269841,0.540575045606104
"p",0.6995,0.6709,0.2165,0.2703,0.3945,0.4555,12.7013876649163,1.09754672897196,12.7013876649163,1.09754672897196,9.75385120071854,4.33207739089964,0.18640873015873,0.665893491979343
"p",0.8562,0.7402,0.6943,0.6476,0.8091,0.8162,5.6962133648582,0.793255514018692,-5.6962133648582,-0.793255514018692,2.7391923939611,1.68214276891507,-0.134727523809524,0.743431296420056
"p",0.6647,0.8772,0.4394,0.474,0.6327,0.6045,12.674465097541,0.350119626168224,-12.674465097541,-0.350119626168224,4.68604382032467,2.27144195728976,-0.0594647619047618,0.879637967893183
"p",0.3074,0.2858,0.1466,0.1417,0.2218,0.1939,31.3017491147651,2.58194401869159,-31.3017491147651,-2.58194401869159,10.4262646069002,5.31284352753754,-0.43852065079365,0.281887378428399
"p",0.2651,0.2622,0.5838,0.6635,0.3916,0.4362,33.4219086198083,2.64978074766355,-33.4219086198083,-2.64978074766355,3.4967466999591,1.52130814522673,-0.450042126984127,0.257888133725515
"p",0.524,0.3719,0.3254,0.2931,0.4244,0.4075,18.9642115584989,2.08486046728972,-18.9642115584989,-2.08486046728972,6.2819333921856,3.48361339187365,-0.35409534920635,0.374736877872447
"p",0.3044,0.4754,0.6352,0.3826,0.4422,0.3469,32.8069614457902,1.77773579439252,-32.8069614457902,-1.77773579439252,3.50917990044016,3.25274452834204,-0.301932904761905,0.477261409172114
"p",0.4562,0.3083,0.3449,0.4013,0.5524,0.4433,23.3233449048154,2.55007429906542,23.3233449048154,2.55007429906542,6.64501453211653,2.964240495783,0.433107857142856,0.29800188145533
"p",0.6744,0.791,0.2969,0.2262,0.3367,0.4019,13.7352059408235,0.688845607476636,-13.7352059408235,-0.688845607476636,8.37178724071316,5.08998655194787,-0.116994412698413,0.792671996198794
"p",0.3817,0.5285,0.5973,0.5147,0.5315,0.4599,26.6196981976562,1.49156205607477,-26.6196981976562,-1.49156205607477,3.44950848718108,2.21180142294034,-0.253328793650793,0.533720410088186
"p",0.9565,0.9002,0.6719,0.7627,0.9008,0.922,1.78360733115161,0.313683084112149,-1.78360733115161,0.313683084112149,2.83088016026128,1.17088534615682,0.0532763333333333,0.895938238946726
"p",0.9477,0.8823,0.9819,0.9843,0.991,0.9926,2.06704224227512,0.37012261682243,-2.06704224227512,-0.37012261682243,0.347911960891344,0.179458419067165,-0.0628620952380953,0.882275308455606
"p",0.9049,0.8333,0.6787,0.6504,0.8101,0.838,3.67678012929997,0.503627476635513,-3.67678012929997,-0.503627476635513,2.8652683582585,1.64739928218524,-0.0855367301587301,0.836557733138074
"p",0.1808,0.2401,0.5242,0.3825,0.2752,0.2522,42.2850741198107,2.91340289719626,-42.2850741198107,-2.91340289719626,4.35211355856095,3.16634440880411,-0.494816047619047,0.241178664279344
"p",0.3252,0.3305,0.6392,0.666,0.4582,0.4899,31.4387602099298,2.47188308411215,-31.4387602099298,-2.47188308411215,3.19977016033729,1.5909493957712,-0.419827761904762,0.322228431553718
"p",0.8806,0.8246,0.979,0.9844,0.9627,0.9722,4.85347158281512,0.550443084112149,-4.85347158281512,-0.550443084112149,0.341465679094924,0.149089498391517,-0.0934879523809523,0.829832123567103
"p",0.472,0.5466,0.9187,0.8594,0.6317,0.6898,21.3701316613263,1.40925420560748,21.3701316613263,1.40925420560748,0.829393377090315,0.680437622155986,0.239349523809524,0.547157176583682
"p",0.85,0.8569,0.9038,0.9258,0.9526,0.9458,5.83964026722171,0.445891588785047,-5.83964026722171,-0.445891588785047,1.0914114803108,0.534077582991481,-0.0757307936507933,0.858323252415765
"p",0.2469,0.4365,0.442,0.2418,0.3615,0.236,36.744442708884,1.94592074766355,-36.744442708884,-1.94592074766355,5.41492446886834,4.34711180969238,-0.330497650793651,0.428447895979968
"p",0.2803,0.3176,0.6412,0.6105,0.4049,0.4283,33.7061392637308,2.46548186915888,-33.7061392637308,-2.46548186915888,3.20432123978017,1.8608321346225,-0.418740571428571,0.314872899080547
"p",0.2348,0.2175,0.4748,0.5149,0.3507,0.3502,36.7691423104247,2.98835327102804,-36.7691423104247,-2.98835327102804,4.8107128493769,2.31569121192939,-0.507545714285713,0.220128792426487
"p",0.8193,0.993,0.804,0.7518,0.8889,0.8548,6.72725978268425,0.0208695327102801,-6.72725978268425,0.0208695327102801,1.73951228917656,1.14431576460312,0.00354450793650793,0.993080069564071
"p",0.7157,0.596,0.6889,0.8141,0.8645,0.8348,11.5828441686351,1.30992345794393,11.5828441686351,1.30992345794393,2.77537841501073,0.973585808911709,0.222479063492063,0.596600281406086
"p",0.5142,0.7953,0.4701,0.3228,0.4542,0.4193,19.8181919023435,0.640390093457944,-19.8181919023435,-0.640390093457944,4.6062689331958,3.35449490942665,-0.108764666666667,0.795943563181026
"p",0.1768,0.433,0.0035,0.0019,0.0035,0.0117,42.4861829253452,1.95544934579439,-42.4861829253452,-1.95544934579439,29.4736226286427,14.3583961555401,-0.332116,0.429005615683866
"p",0.1877,0.0857,0.0384,0.1007,0.1577,0.1186,41.6659271814801,4.30023121495327,41.6659271814801,4.30023121495327,18.8209397701783,6.64599006237363,0.73035673015873,0.0847975778900222
"p",0.9619,0.8129,0.7037,0.6237,0.7887,0.8483,1.50153275498526,0.567251682242991,-1.50153275498526,-0.567251682242991,2.47845228624129,1.68638300844092,-0.0963427460317462,0.80778165501412
"p",0.8795,0.7613,0.2023,0.3015,0.4334,0.549,4.24663596261475,0.695649719626168,4.24663596261475,0.695649719626168,8.44153235111524,3.36891962438018,0.118150031746032,0.766917556408486
"p",0.9684,0.9458,0.2105,0.264,0.3788,0.5345,1.16209776631108,0.15673953271028,-1.16209776631108,0.15673953271028,9.52574202424043,4.11822145957191,0.0266208412698412,0.950700443166726
"p",0.245,0.2564,0.1383,0.1505,0.2288,0.1748,37.6292016985959,2.86791168224299,37.6292016985959,2.86791168224299,11.9017176354778,5.75431994314465,0.487089761904762,0.256740566677754
"p",0.8318,0.9422,0.6073,0.6862,0.8382,0.8255,6.68477151331653,0.180451028037383,-6.68477151331653,-0.180451028037383,3.4449184966014,1.4674839455941,-0.0306480317460314,0.941659733974107
"p",0.2834,0.3013,0.7308,0.7284,0.4106,0.4795,33.0918311114509,2.49945588785047,-33.0918311114509,-2.49945588785047,2.44159831064521,1.30422041425743,-0.424510761904762,0.305287742896579
"p",0.0557,0.1266,0.2386,0.0948,0.092,0.0534,59.0766366803861,3.75505971962617,-59.0766366803861,-3.75505971962617,8.44739663734608,6.27911948721166,-0.637764111111111,0.126475921908384
"p",0.4488,0.2762,0.2396,0.3383,0.4754,0.3981,23.6209180317769,2.68285542056075,-23.6209180317769,-2.68285542056075,8.50642528752202,3.4203554411283,-0.455659571428573,0.276966670680771
"p",0.5054,0.4293,0.1986,0.3245,0.466,0.4198,20.1885739209564,1.90449607476636,20.1885739209564,1.90449607476636,9.014169555579,3.40823215923858,0.323462031746032,0.426417074578341
"p",0.4528,0.547,0.5189,0.4098,0.5685,0.4482,24.0577607205794,1.52517317757009,24.0577607205794,1.52517317757009,4.74969261273383,3.16562558983271,0.259037349206348,0.549082288204419
"p",0.8455,0.8654,0.4913,0.5351,0.7015,0.7384,5.48595849072652,0.376871869158878,5.48595849072652,0.376871869158878,4.1566311655107,1.96652757053486,0.0640083968253967,0.871407529282804
"p",0.5342,0.7794,0.6069,0.3709,0.5235,0.4648,18.7160293678162,0.683369813084112,-18.7160293678162,-0.683369813084112,3.13055141191621,2.7976426906053,-0.116064396825396,0.76720346003923
"p",0.4006,0.2886,0.4053,0.4489,0.5485,0.4431,25.3577142625552,2.55842654205607,-25.3577142625552,-2.55842654205607,5.55490111555372,2.56181839481528,-0.434526412698412,0.296343366960186
"p",0.5647,0.5274,0.5713,0.5768,0.7293,0.6159,18.5195463111466,1.60383355140187,-18.5195463111466,-1.60383355140187,4.03548615681207,2.09547405297721,-0.272397126984127,0.525548724113721
"p",0.5355,0.3669,0.0744,0.1708,0.2601,0.2979,19.6156768321371,2.2880846728972,19.6156768321371,2.2880846728972,14.7555646993019,5.21873334449718,0.388611206349206,0.357376764760395
"p",0.9984,0.9123,0.9694,0.9582,0.994,0.9966,0.0668229944044381,0.257070747663552,0.0668229944044381,0.257070747663552,0.493053733366884,0.342806636464722,0.0436612222222222,0.917370446279552
"p",0.1315,0.2896,0.2005,0.0821,0.1325,0.085,47.5600367712414,2.62149551401869,-47.5600367712414,-2.62149551401869,9.77336469980035,6.8621752267565,-0.445238126984127,0.292922187566051
"p",0.3475,0.4611,0.6791,0.5992,0.4868,0.474,28.3687821219343,1.75502271028037,-28.3687821219343,-1.75502271028037,2.64872366434476,1.76315577903906,-0.298075285714286,0.458877740955839
"p",0.5692,0.6504,0.7971,0.7972,0.7356,0.7379,17.4420014204907,1.07629523364486,-17.4420014204907,-1.07629523364486,1.84435783545084,0.991475253825699,-0.182799349206349,0.654846039758059
"p",0.8272,0.897,0.8388,0.8005,0.9231,0.8836,6.62772213812955,0.310706261682243,6.62772213812955,0.310706261682243,1.59047965588238,1.02533281507414,0.052770746031746,0.900952001093088
"p",0.7858,0.8044,0.9961,0.9933,0.9119,0.9421,8.08945756936263,0.560953364485981,8.08945756936263,0.560953364485981,0.124163738829636,0.093076704754287,0.0952730317460312,0.812815059766395
"p",0.1624,0.2029,0.636,0.5376,0.2516,0.2928,41.8849696887228,2.98965186915888,-41.8849696887228,-2.98965186915888,3.03652269143095,2.05912125147794,-0.50776626984127,0.202065266434535
"p",0.3574,0.2864,0.5823,0.7124,0.5083,0.5415,28.9956652136456,2.63448644859813,28.9956652136456,2.63448644859813,4.08612692446524,1.49371022719688,0.447444523809524,0.294811322035082
"p",0.5383,0.531,0.8996,0.919,0.7066,0.7742,18.0284374414433,1.45225579439252,-18.0284374414433,-1.45225579439252,1.04478271752926,0.501473286315982,-0.246652968253968,0.529048234253114
"p",0.6978,0.7231,0.9849,0.9812,0.8482,0.895,11.6578070700614,0.835000373831776,-11.6578070700614,-0.835000373831776,0.252769392946472,0.168713514367253,-0.141817523809524,0.726544476021042
"p",0.5641,0.4635,0.7137,0.7812,0.7309,0.7255,17.0961576797722,1.72424252336449,17.0961576797722,1.72424252336449,2.40430276197304,1.01513507395855,0.292847539682539,0.467357634840156
"p",0.0185,0.0182,0.1017,0.1087,0.0312,0.0325,70.6081352550381,5.57271102803738,-70.6081352550381,-5.57271102803738,12.0587680147509,5.74689306941222,-0.946476317460316,0.0190611310194834
"p",0.872,0.9846,0.1044,0.1353,0.2127,0.3419,4.87004881948946,0.0450038317757016,4.87004881948946,0.0450038317757016,12.3664824304662,5.32738864815314,0.00764350793650822,0.985090435514898
"p",0.4823,0.3181,0.1831,0.1403,0.2183,0.25,22.2245810066836,2.48850710280374,22.2245810066836,2.48850710280374,10.1626370505563,5.76296494078163,0.422651206349207,0.320062745499161
"p",0.3202,0.3642,0.7916,0.7338,0.4463,0.5073,30.9374777129392,2.21794943925234,-30.9374777129392,-2.21794943925234,1.77113761315724,1.17861805638921,-0.37669934920635,0.369858696251781
"p",0.397,0.3819,0.6588,0.6869,0.554,0.5626,25.1795741678934,2.0417176635514,-25.1795741678934,-2.0417176635514,2.83098366449106,1.40040318101433,-0.34676792063492,0.382624518152273
"p",0.3757,0.3341,0.4221,0.5634,0.5251,0.4876,26.7478407225498,2.29439738317757,26.7478407225498,2.29439738317757,5.16096475989321,1.93127398004781,0.389683365079365,0.332926913840534
"p",0.4619,0.4956,0.7482,0.7642,0.6275,0.6471,21.4920126858999,1.55140205607477,21.4920126858999,1.55140205607477,2.05424664557008,1.07047151724448,0.263492095238096,0.502748353325549
"p",0.1911,0.345,0.0067,0.0072,0.0123,0.0266,40.461308899964,2.29633570093458,-40.461308899964,-2.29633570093458,30.745860034565,14.2302824725558,-0.390012571428572,0.341505379658874
"p",0.162,0.187,0.4595,0.4482,0.2465,0.2597,43.1246032431741,3.20847971962617,-43.1246032431741,-3.20847971962617,4.8996700998547,2.64654066886286,-0.544932269841271,0.185519107081699
"p",0.7961,0.8357,0.6958,0.6947,0.8425,0.8096,7.7173377127455,0.495207476635514,7.7173377127455,0.495207476635514,2.73427024419453,1.46474674556366,0.0841066666666668,0.842868738110294
"p",0.2193,0.3914,0.5157,0.259,0.331,0.2243,38.2749798627007,2.10690102803738,38.2749798627007,2.10690102803738,4.53775218186256,4.20442035821836,0.357838746031745,0.392768213647265
"p",0.7948,0.924,0.3688,0.4492,0.6039,0.6452,7.88756812637545,0.226987570093458,-7.88756812637545,-0.226987570093458,5.69642539683688,2.42172351799151,-0.0385518571428571,0.92419991505362
"p",0.8721,0.7131,0.5823,0.4902,0.6554,0.712,4.72264810732053,0.872739626168224,4.72264810732053,0.872739626168224,3.42155618186547,2.22077657449892,0.148227206349207,0.708897671589204
"p",0.1224,0.2497,0.1128,0.0626,0.101,0.0687,48.6789230706398,2.86718897196262,-48.6789230706398,-2.86718897196262,12.2212592852706,7.18706894089215,-0.486967015873016,0.241213109604408
"p",0.7572,0.7503,0.9164,0.926,0.8959,0.9049,9.51619007950984,0.777218224299065,-9.51619007950984,-0.777218224299065,0.908759183506989,0.461381433407299,-0.13200373015873,0.750840203437861
"p",0.7156,0.9391,0.5757,0.5503,0.7159,0.6869,11.2022691321704,0.178330093457944,-11.2022691321704,-0.178330093457944,3.59134752012352,2.01425607771387,-0.0302878095238095,0.940749031762683
"p",0.2733,0.4096,0.1223,0.1238,0.195,0.1664,33.2445268637713,1.98884887850467,-33.2445268637713,-1.98884887850467,11.560807961195,5.66781517473008,-0.337788619047619,0.406958753174069
"p",0.0654,0.171,0.2398,0.0649,0.1042,0.0494,57.7189269636635,3.4091553271028,-57.7189269636635,-3.4091553271028,8.55262606831379,7.4543375024571,-0.579015269841269,0.167263442131368
"p",0.525,0.6564,0.7432,0.7135,0.6965,0.6683,19.7856353780296,1.08590252336449,-19.7856353780296,-1.08590252336449,2.35180028522163,1.40569542658542,-0.184431063492063,0.656832113959484
"p",0.6723,0.5402,0.7219,0.7764,0.8311,0.7942,13.704111336749,1.57274962616822,-13.704111336749,-1.57274962616822,2.8656602798608,1.28128465340419,-0.267117793650794,0.538560015154463
"p",0.2466,0.2722,0.6217,0.6063,0.3565,0.3969,36.7922753780562,2.74193700934579,-36.7922753780562,-2.74193700934579,3.32539462084107,1.80706770849676,-0.465694063492063,0.282098800460323
"p",0.6704,0.7599,0.3818,0.4461,0.6047,0.584,12.7983911978899,0.74424429906542,-12.7983911978899,-0.74424429906542,5.73995242189961,2.60159711635043,-0.126403396825397,0.760685065129807
"p",0.9499,0.904,0.8701,0.8692,0.9634,0.9626,1.8941065247013,0.278155140186916,1.8941065247013,-0.278155140186916,1.20863504729392,0.682062959347379,-0.0472422222222221,0.906410792309788
"p",0.1483,0.2599,0.0821,0.0677,0.1109,0.082,46.1337208686738,2.84801514018692,-46.1337208686738,-2.84801514018692,14.8180312320721,7.71665991267466,-0.483710507936508,0.263165614101266
"p",0.7189,0.4964,0.3991,0.3598,0.5011,0.5377,10.8162591246712,1.60436009345794,-10.8162591246712,-1.60436009345794,5.19773538362788,2.90626256600241,-0.272486555555556,0.493606255169617
"p",0.3183,0.4287,0.5075,0.3215,0.4565,0.3192,30.3613673097474,1.88887747663551,30.3613673097474,1.88887747663551,4.34128894008519,3.38987360886396,0.320809349206348,0.430712142804237
"p",0.2572,0.3113,0.2725,0.2732,0.3802,0.2554,36.2397448658606,2.55348308411215,-36.2397448658606,-2.55348308411215,8.22269203542452,4.16403625494531,-0.433686809523809,0.307692353095372
"p",0.2262,0.2709,0.397,0.318,0.3338,0.2588,38.4578968813044,2.73597112149533,-38.4578968813044,-2.73597112149533,5.77113266259499,3.48892690506006,-0.46468080952381,0.268336055006598
"p",0.3483,0.4873,0.7492,0.5665,0.4906,0.4685,29.0366512567618,1.69574813084112,-29.0366512567618,-1.69574813084112,2.1868944967674,1.96507879077961,-0.288008015873016,0.484276654979576
"p",0.2988,0.5885,0.2132,0.0894,0.1421,0.1448,31.0407919999341,1.25648943925234,-31.0407919999341,-1.25648943925234,8.10551959906814,5.85671063560925,-0.213403761904762,0.587380372552455
"p",0.0192,0.0361,0.0915,0.0474,0.0321,0.022,74.790611479547,5.19609626168224,-74.790611479547,-5.19609626168224,13.6352335194767,8.40111323561401,-0.882511587301586,0.0339851556420379
"p",0.5021,0.5499,0.9333,0.917,0.6667,0.7423,18.9178579750377,1.34795579439252,-18.9178579750377,-1.34795579439252,0.623035819326972,0.415347276067444,-0.228938523809524,0.546631778182918
"p",0.7637,0.9844,0.4265,0.4539,0.6152,0.6371,9.75838199467094,0.0443498130841125,-9.75838199467094,0.0443498130841125,5.67513519593179,2.83471714171964,0.00753242857142906,0.985900708960651
"p",0.2113,0.1599,0.2771,0.4356,0.3103,0.2959,36.5870848077536,3.25632504672897,-36.5870848077536,-3.25632504672897,6.83665476318914,2.36981904865585,-0.553058380952382,0.160812978803121
"p",0.8655,0.9085,0.9825,0.9833,0.9584,0.9689,5.41249379847578,0.283413738317757,-5.41249379847578,-0.283413738317757,0.300492051920596,0.155351266683502,-0.0481353492063491,0.912398939400106
"p",0.9282,0.7159,0.3224,0.4559,0.6244,0.7142,2.87955905122491,0.89895738317757,2.87955905122491,0.89895738317757,6.84638935661263,2.66336670301036,0.152680063492063,0.713807211163237
"p",0.6688,0.6671,0.5208,0.5816,0.7502,0.6798,13.354251346066,1.06688738317757,13.354251346066,1.06688738317757,4.42284317284784,2.02310448042078,0.181201507936508,0.664468547313369
"p",0.1166,0.1243,0.0987,0.0837,0.1367,0.079,48.4419809234389,3.74379822429907,-48.4419809234389,-3.74379822429907,12.7385572146773,6.42351001056052,-0.635851444444444,0.122919827287618
"p",0.6345,0.2658,0.009,0.0172,0.0285,0.0859,13.5309904274978,2.46027242990654,13.5309904274978,2.46027242990654,20.8728656043247,8.51087158491961,0.417855793650794,0.275395167151658
"p",0.9666,0.8969,0.4688,0.5669,0.7353,0.8103,1.29649350238053,0.29936785046729,1.29649350238053,0.29936785046729,4.31363794755149,1.8058942233136,0.0508450158730158,0.89652693872314
"p",0.6425,0.4862,0.6041,0.6231,0.7856,0.688,14.7313682520658,1.69829887850467,-14.7313682520658,-1.69829887850467,3.5551052767062,1.80048942952263,-0.288441238095238,0.486413532004104
"p",0.0759,0.0648,0.206,0.3004,0.1188,0.1297,52.6946001858223,4.33103672897196,-52.6946001858223,-4.33103672897196,8.34375144900276,3.31153048339985,-0.735588777777777,0.0647979148500854
"p",0.6626,0.9513,0.2799,0.2861,0.4125,0.4558,13.1447934825166,0.141024579439253,-13.1447934825166,-0.141024579439253,6.96769672773448,3.53498422390219,-0.023951793650794,0.952034099265075
"p",0.1746,0.1493,0.3967,0.485,0.2675,0.2859,41.4273424380625,3.49125299065421,-41.4273424380625,-3.49125299065421,5.53269813322124,2.33773976103007,-0.592958841269842,0.147029983570497
"p",0.9408,0.942,0.9378,0.9271,0.9857,0.9764,2.45736294978956,0.188296822429907,-2.45736294978956,0.188296822429907,0.887096212273086,0.549934175713517,0.0319805714285714,0.941693758350517
