"","pLW","pLU","pQU","pQH","pMin","pFisher","SW","SL","SWwin","SLwin","SC","SQ","CMCBeta","pBeta"
"p",0.8375,0.7827,0.9489,0.9567,0.9509,0.9567,7.03784333636135,1.50628894080997,7.03784333636135,1.50628894080997,2.07078263861374,0.612091319526241,0.0483035714285715,0.782424775556399
"p",0.4324,0.886,0.4737,0.5042,0.6027,0.4921,27.4449020752734,0.795393146417443,-27.4449020752734,0.795393146417443,18.4449256305594,3.19095498434292,0.0255066133866129,0.885461733293982
"p",0.0858,0.1356,0.3043,0.5413,0.1422,0.201,60.7402367442357,8.27205482866044,60.7402367442357,8.27205482866044,33.2959627230839,3.05649223773157,0.265267692307691,0.13591140635481
"p",0.0113,0.0398,0.1546,0.1819,0.0203,0.0288,87.3817063359105,11.4179663551402,87.3817063359105,11.4179663551402,60.0730827645224,6.22256130363872,0.366150569430568,0.0405665752282528
"p",0.9473,0.7362,0.8517,0.9907,0.9923,0.9934,2.19092328687027,1.90112965732087,-2.19092328687027,-1.90112965732087,4.66035767551747,0.301668665956697,-0.0609652967032964,0.737232685314905
"p",0.6702,0.4575,0.4891,0.9304,0.8402,0.8715,14.7057328360459,4.0737638317757,-14.7057328360459,-4.0737638317757,16.4999056009004,0.795465769077266,-0.130637181818181,0.448090525921574
"p",0.521,0.2004,0.1734,0.6209,0.7081,0.6296,22.2564103942152,7.05827747663552,22.2564103942152,7.05827747663552,53.9768995954761,2.65901378974431,0.226344362637361,0.202484349333309
"p",0.5817,0.3422,0.2429,0.26,0.3969,0.4077,18.8319878711447,5.1454453894081,18.8319878711447,5.1454453894081,39.847972599889,5.00793631815933,0.165003793206792,0.347255208419874
"p",0.1112,0.0125,0.0131,0.1589,0.1818,0.1137,56.9198692742046,13.9649976012461,56.9198692742046,13.9649976012461,176.160295995545,6.87575291729356,0.447828594405593,0.0135234958129273
"p",0.9075,0.2077,0.1063,0.4494,0.6268,0.7093,4.02517347335561,6.62887791277258,4.02517347335561,6.62887791277258,67.3844722385771,3.26630099592445,0.212574406593406,0.208409583394986
"p",0.8107,0.7577,0.6658,0.6701,0.8471,0.8233,8.59546420620529,1.81021186915888,8.59546420620529,-1.81021186915888,10.2793742430623,2.49396345160616,-0.0580497512487515,0.751317164402703
"p",0.134,0.0064,0.0027,0.0264,0.0455,0.0423,52.4577345443615,15.4389445482866,52.4577345443615,15.4389445482866,263.861106313945,11.8777904299084,0.495095024975023,0.00630662353453692
"p",0.6308,0.5474,0.6811,0.8011,0.8076,0.7917,17.3805106286718,3.43896087227414,-17.3805106286718,-3.43896087227414,9.65160056745005,1.64618273625667,-0.110280363636364,0.540687321892912
"p",0.838,0.618,0.7107,0.952,0.9521,0.9556,6.82786317359586,2.75686542056075,6.82786317359586,2.75686542056075,8.10548256077846,0.607046637491152,0.0884069730269727,0.618817664777698
"p",0.4944,0.4009,0.1731,0.0636,0.1092,0.1595,23.9990745791938,4.73744635514019,23.9990745791938,-4.73744635514019,57.4006559603541,8.88897816998054,-0.151920107892108,0.396835918479188
"p",0.1118,0.2024,0.3982,0.6151,0.1809,0.2454,54.3938716547899,6.93746130841122,54.3938716547899,6.93746130841122,22.6644993188453,2.45960261650214,0.222470037962037,0.201917438974771
"p",0.8119,0.6047,0.3768,0.0494,0.0855,0.182,8.49148588585971,2.9879531152648,-8.49148588585971,2.9879531152648,26.3486749379819,9.71419918675821,0.0958174775224771,0.595741509597452
"p",0.2401,0.2581,0.2582,0.1291,0.2108,0.1602,39.883427391694,6.12910124610592,39.883427391694,6.12910124610592,37.5605781596777,6.54817627528369,0.196547602397602,0.249824783047393
"p",0.5253,0.5656,0.242,0.4144,0.5928,0.4996,22.1767470817048,3.27872236760125,-22.1767470817048,3.27872236760125,43.2094683589379,3.97043457311232,0.105141846153846,0.55576135427015
"p",0.3126,0.2315,0.3464,0.6112,0.4625,0.462,36.5146071693979,6.83189143302181,36.5146071693979,6.83189143302181,31.0964823817125,2.85313424681264,0.21908463036963,0.232769742060215
"p",0.2111,0.1475,0.2072,0.6668,0.3263,0.3868,45.2845765848008,8.24405813084112,45.2845765848008,8.24405813084112,49.9111707836745,2.46268217159031,0.264369896103895,0.147873807187209
"p",0.4191,0.1728,0.1906,0.6029,0.5961,0.5425,28.4420871282667,7.56279470404984,28.4420871282667,7.56279470404984,51.2835165459635,2.72058563734475,0.242523186813186,0.170002982612199
"p",0.7619,0.8859,0.832,0.8387,0.9042,0.8801,10.2970034026851,0.754318161993769,10.2970034026851,-0.754318161993769,4.62172574731286,1.28197838579061,-0.0241894235764235,0.889310871257784
"p",0.1914,0.1,0.1382,0.5939,0.2991,0.3405,45.7102968596244,9.17693813084112,45.7102968596244,9.17693813084112,64.6387974467249,2.7288396139475,0.294285428571427,0.0979793722362316
"p",0.8814,0.4486,0.3371,0.7207,0.876,0.8784,4.79759406384999,4.03361728971962,-4.79759406384999,-4.03361728971962,27.8415634926455,1.9347945919374,-0.129349765234765,0.455856555322494
"p",0.2984,0.8896,0.4303,0.1083,0.1756,0.157,34.2302605797355,0.734105451713396,-34.2302605797355,-0.734105451713396,19.3291448574864,6.62772392749042,-0.0235412437562436,0.888619796582098
"p",0.8891,0.8369,0.9389,0.863,0.9635,0.9444,5.01733624692894,1.19942551401869,5.01733624692894,1.19942551401869,2.53878315415402,1.38105899800823,0.0384630959040958,0.833997597048624
"p",0.6865,0.2714,0.2162,0.7754,0.8576,0.8136,14.3218216779795,6.34438847352025,14.3218216779795,6.34438847352025,49.8146118294576,1.93825737872194,0.203451418581419,0.273412775922712
"p",0.5599,0.365,0.3432,0.655,0.7423,0.672,20.7416859747387,5.15773866043614,20.7416859747387,5.15773866043614,30.8059854574463,2.59885843903525,0.165398012987012,0.369275932074943
"p",0.2021,0.4198,0.667,0.3275,0.3178,0.2494,44.9137491216024,4.50434283489097,-44.9137491216024,-4.50434283489097,9.75162769695104,4.82151881913407,-0.14444496003996,0.424254004100808
"p",0.1085,0.0066,0.0088,0.0305,0.053,0.0416,58.8193874057848,15.3347625233645,-58.8193874057848,-15.3347625233645,205.278710659403,11.8276784163013,-0.491754122877121,0.00713179540446196
"p",0.5311,0.9652,0.6432,0.1242,0.205,0.2488,21.9220086062698,0.229424548286604,21.9220086062698,0.229424548286604,10.278341840387,6.97973960363806,0.00735717082917074,0.966909024187287
"p",0.1394,0.0676,0.0837,0.1954,0.2246,0.1436,52.3755834135225,10.3333643925234,52.3755834135225,10.3333643925234,88.9093265912989,6.25073561156662,0.331369627372626,0.06559214374738
"p",0.7521,0.9883,0.9633,0.8704,0.8981,0.8888,11.2330641494735,0.0831807476635518,11.2330641494735,0.0831807476635518,1.55040300680503,1.16515684138305,0.00266743456543462,0.988289958209852
"p",0.999,0.8371,0.925,0.9662,0.997,0.9983,0.0636599890897136,1.13381635514019,0.0636599890897136,1.13381635514019,3.01469109417003,0.660361061318536,0.0363591458541456,0.843837708154925
"p",0.7849,0.6421,0.7809,0.9043,0.922,0.9204,9.59699566729757,2.65146211838006,9.59699566729757,2.65146211838006,6.35777774449542,1.01768852349042,0.0850269070929072,0.637793099351915
"p",0.0225,0.1025,0.2497,0.0923,0.0397,0.0301,82.3001865264944,9.43752757009345,82.3001865264944,9.43752757009345,43.6317468606335,8.50825535795799,0.302641993006992,0.10007501578734
"p",0.9425,0.4312,0.3112,0.0398,0.069,0.1752,2.61016739935396,4.44892196261682,-2.61016739935396,-4.44892196261682,33.6964024023506,10.3418245420306,-0.142667727272727,0.431656692068895
"p",0.5637,0.6026,0.8484,0.9881,0.7494,0.8321,18.7922361654155,2.70569330218069,18.7922361654155,2.70569330218069,3.97663953272545,0.291392086810516,0.0867659890109886,0.608103707361359
"p",0.45,0.7466,0.4418,0.4164,0.5872,0.4616,26.3738439596373,1.79069152647975,26.3738439596373,-1.79069152647975,20.9196733785498,3.92743260793799,-0.0574237742257741,0.748010398973686
"p",0.3696,0.8315,0.8569,0.4137,0.5341,0.4053,32.3181198940444,1.25845551401869,32.3181198940444,1.25845551401869,4.83796817268392,4.35785454839819,0.0403560659340657,0.829690578115934
"p",0.7584,0.8908,0.9799,0.8837,0.9022,0.8959,9.97323012518643,0.756856230529593,9.97323012518643,0.756856230529593,1.11544887018665,0.986629813421689,0.024270814185814,0.885960533554993
"p",0.882,0.9569,0.9633,0.8373,0.9501,0.9324,5.12886151723733,0.297760872274142,-5.12886151723733,-0.297760872274142,1.72632272463011,1.34953895014183,-0.00954857542457538,0.956188553626073
"p",0.7641,0.5876,0.6961,0.9255,0.9088,0.9179,10.001135496978,2.94546295950156,10.001135496978,2.94546295950156,8.1027533504404,0.808591059928175,0.0944549060939057,0.582123820348629
"p",0.6078,0.7653,0.9332,0.8421,0.7862,0.7963,17.424636965349,1.58080090342679,-17.424636965349,-1.58080090342679,2.40971178450101,1.3498909215358,-0.0506930159840159,0.769297811449758
"p",0.6403,0.9392,0.9485,0.8779,0.8118,0.8301,16.2018770060087,0.422999283489095,16.2018770060087,0.422999283489095,2.14320640833816,1.14965316749308,0.0135647122877121,0.940679044427461
"p",0.5427,0.0774,0.0322,0.1524,0.2434,0.2841,20.6409504082017,9.4100953894081,20.6409504082017,9.4100953894081,120.134657548487,6.22810603905721,0.301762299700299,0.0770067114354658
"p",0.8057,0.7704,0.9675,0.998,0.9321,0.9571,8.74419369438307,1.52248676012461,8.74419369438307,1.52248676012461,1.54902061087318,0.114264332280936,0.0488230019980017,0.779060138378676
"p",0.3128,0.9839,0.6019,0.1359,0.2199,0.188,36.5226948254794,0.113765358255451,36.5226948254794,-0.113765358255451,13.2467095842561,7.51814761552694,-0.00364821978022,0.984351746615397
"p",0.5051,0.3423,0.0943,0.1031,0.1671,0.2121,23.2059777625735,5.09570183800623,23.2059777625735,-5.09570183800623,76.6106428491078,7.33887250761319,-0.16340862037962,0.349003057030638
"p",0.7212,0.8114,0.9924,0.9923,0.8771,0.9233,12.5287845439584,1.2804345482866,-12.5287845439584,-1.2804345482866,0.731452219895113,0.285742300793058,-0.0410608881118878,0.81575238777606
"p",0.6556,0.959,0.9706,0.8852,0.8254,0.8436,15.5697995159084,0.271585358255451,15.5697995159084,0.271585358255451,1.5362300992206,1.10840872424617,0.0087091808191808,0.959790516587198
"p",0.5611,0.1563,0.1269,0.4351,0.6156,0.5347,21.1251639197672,8.14715676012461,21.1251639197672,8.14715676012461,73.7813748033439,4.02435173352884,0.261262469530468,0.151547500633537
"p",0.1539,0.0543,0.0782,0.3315,0.2496,0.213,46.4536112411868,9.98286878504673,46.4536112411868,9.98286878504673,78.8932517158142,4.08822924176124,0.320129958041957,0.0571902148502728
"p",0.351,0.8908,0.6541,0.4915,0.5111,0.4352,32.4486179189654,0.747694735202492,32.4486179189654,0.747694735202492,10.1598942923924,3.23896053199272,0.0239770239760239,0.892600391166103
"p",0.1638,0.0598,0.1004,0.1389,0.2249,0.1304,48.7710173620323,10.2543441744548,48.7710173620323,10.2543441744548,77.3705348215115,6.77277074606943,0.328835612387611,0.0636291330404238
"p",0.181,0.0157,0.0128,0.1097,0.1779,0.1198,46.3718373210559,13.5153776012461,46.3718373210559,13.5153776012461,176.847017135897,7.58770119711271,0.433410210789209,0.0144759946559777
"p",0.0625,0.0995,0.2356,0.3039,0.1064,0.1184,66.2448087587437,9.46791398753894,66.2448087587437,9.46791398753894,46.8633316633056,5.10407052914617,0.303616422577422,0.0949927105587396
"p",0.5258,0.9095,0.8427,0.457,0.635,0.5246,22.7997816244572,0.629229626168224,22.7997816244572,0.629229626168224,4.90983667998911,3.82072732192628,0.0201780929070929,0.911617418372129
"p",0.9527,0.8037,0.8013,0.5665,0.7579,0.8245,1.91617658886658,1.30135355140187,1.91617658886658,-1.30135355140187,5.25155197832379,2.8016323500862,-0.0417317172827169,0.804723761269932
"p",0.8543,0.7674,0.909,0.9885,0.9611,0.9744,6.71301986836274,1.71324529595016,6.71301986836274,1.71324529595016,3.31945689416042,0.328666778544386,0.0549402337662335,0.762364068458812
"p",0.1026,0.076,0.1357,0.3561,0.1702,0.1708,57.2605525007886,9.84532819314642,57.2605525007886,9.84532819314642,65.0590733760828,4.32457096248133,0.315719315684315,0.0744247509251764
"p",0.4792,0.9886,0.8266,0.8256,0.6609,0.6979,24.0853146775106,0.0683139252336439,-24.0853146775106,0.0683139252336439,4.96604621055081,1.3874248102954,0.00219068631368625,0.990000139862683
"p",0.5227,0.0118,0.0026,0.0265,0.0479,0.0985,21.7045197414346,13.2705630841121,21.7045197414346,13.2705630841121,230.149366853329,9.61800617817225,0.425559515484514,0.0115005695530201
"p",0.2777,0.3073,0.4437,0.6673,0.4152,0.4518,37.2049056467554,5.58487769470405,37.2049056467554,5.58487769470405,20.3225450770387,2.18452972820017,0.179095478521478,0.305464056392213
"p",0.2369,0.3629,0.5678,0.5799,0.3621,0.3828,43.1942658043518,5.27732398753894,43.1942658043518,5.27732398753894,14.9120610742137,3.09885866073898,0.169232867132866,0.364070833374183
"p",0.7694,0.3188,0.1925,0.4111,0.5862,0.6188,10.583833288872,5.54658218068536,10.583833288872,5.54658218068536,51.3213629719421,4.06330579639724,0.17786742057942,0.32276249346135
"p",0.8916,0.4211,0.2232,0.5289,0.7143,0.7642,4.90047625352291,4.5965584423676,-4.90047625352291,4.5965584423676,46.0174542228706,3.23400102721803,0.147402123876123,0.415304030587407
"p",0.2121,0.0173,0.0134,0.0894,0.1488,0.1143,41.7219481255725,12.587510623053,41.7219481255725,12.587510623053,157.242986242098,7.33796674270566,0.403655435564433,0.0186250512855028
"p",0.1855,0.0374,0.0387,0.3326,0.2886,0.239,46.4348542506817,11.6621589096573,46.4348542506817,11.6621589096573,124.332395538785,4.57887348437118,0.373981319680318,0.0363286123600404
"p",0.4762,0.1049,0.075,0.4897,0.6571,0.5168,24.1159734566485,8.76923386292835,24.1159734566485,8.76923386292835,86.4690668650432,3.18899011921123,0.281211195804195,0.105717063916022
"p",0.4327,0.9904,0.7471,0.3172,0.469,0.3805,26.7898694372875,0.0658408722741441,26.7898694372875,0.0658408722741441,6.84443450422886,4.42527106906615,0.00211138061938046,0.990427568777684
"p",0.5595,0.8264,0.9763,0.9464,0.7463,0.8132,21.0671789708045,1.23680981308411,21.0671789708045,1.23680981308411,1.40904045664237,0.733999283132927,0.0396619330669331,0.825751188142976
"p",0.4142,0.2156,0.2478,0.708,0.5872,0.5928,29.9455348576412,7.09473638629283,29.9455348576412,7.09473638629283,44.4711093578075,2.45746873162005,0.227513524475524,0.221035268709533
"p",0.2625,0.3257,0.5137,0.6809,0.3981,0.4451,41.0742206731891,5.78034009345794,-41.0742206731891,-5.78034009345794,18.2143536731646,2.4776789192931,-0.185363553446553,0.322500393825058
"p",0.6489,0.4164,0.3879,0.7992,0.8268,0.8048,16.8405430510142,4.69732080996885,-16.8405430510142,-4.69732080996885,26.8573163007095,1.83684350869365,-0.150633364635365,0.41766874390498
"p",0.5957,0.5015,0.5055,0.6893,0.7775,0.7192,19.2942971624511,3.77716133956386,-19.2942971624511,-3.77716133956386,16.9252608524799,2.33120711543043,-0.121125753246753,0.504498045125259
"p",0.0324,0.2533,0.6157,0.2248,0.0558,0.0631,75.7165222845111,6.49751302180685,75.7165222845111,6.49751302180685,12.0310013703949,5.96365666335742,0.208361806193805,0.252879537629361
"p",0.6117,0.8127,0.6483,0.5909,0.7791,0.6728,18.2812248335551,1.34164510903427,18.2812248335551,-1.34164510903427,10.6692669675448,2.97485977120845,-0.0430237842157841,0.811521750139727
"p",0.0519,0.4993,0.6426,0.0399,0.0685,0.0319,68.3304790913381,3.7778438317757,68.3304790913381,3.7778438317757,10.5263452607901,10.5565099417495,0.121147639360639,0.492861901049178
"p",0.9512,0.2355,0.1265,0.1986,0.3088,0.4595,2.32913111217905,6.45262663551402,-2.32913111217905,-6.45262663551402,66.0849281176916,5.87381555309628,-0.206922392607392,0.242983416523504
"p",0.552,0.4974,0.657,0.9146,0.7355,0.7888,21.4794611115354,3.87079912772586,21.4794611115354,3.87079912772586,10.5016304087373,1.04872646513401,0.124128523476523,0.496535316622667
"p",0.9425,0.4033,0.2418,0.5118,0.6887,0.7655,2.54257769875973,4.40933364485981,2.54257769875973,-4.40933364485981,38.6128039620868,2.86154482985276,-0.141398211788211,0.408433223618289
"p",0.5901,0.9771,0.7898,0.5688,0.7586,0.6397,19.7892625046328,0.151135140186917,19.7892625046328,-0.151135140186917,6.43265044814901,3.16096326365562,-0.00484659140859138,0.97877649596545
"p",0.9281,0.5518,0.3936,0.4522,0.6319,0.722,3.19595884296161,3.52566803738317,3.19595884296161,3.52566803738317,27.4079041194393,4.11471906732541,0.113060883116883,0.549410299035359
"p",0.2981,0.2025,0.2542,0.5978,0.4462,0.4464,37.6935005653534,7.25471794392523,37.6935005653534,7.25471794392523,42.4327028245334,2.91580833418426,0.232643802197801,0.204892905399603
"p",0.7025,0.5977,0.7506,0.8611,0.8644,0.8602,13.6857069210169,2.95307666666667,13.6857069210169,2.95307666666667,7.02712152374444,1.32477150399738,0.0946990619380613,0.600246728185788
"p",0.429,0.3077,0.3682,0.7601,0.6025,0.6296,27.5911114685856,5.63100112149533,27.5911114685856,5.63100112149533,25.5809964389459,1.79067310652843,0.180574561438561,0.304603769148402
"p",0.0619,0.0629,0.1537,0.3826,0.1058,0.1301,64.9242152684214,10.2334726168224,64.9242152684214,10.2334726168224,60.3161275613691,4.18235016330529,0.328166304695303,0.0647441426085883
"p",0.0794,0.0342,0.0646,0.2719,0.1331,0.1288,61.8876697789105,11.8133301557632,61.8876697789105,11.8133301557632,97.6772016102998,5.06749748046819,0.378829068931067,0.0331104130782531
"p",0.6767,0.4904,0.2932,0.522,0.7034,0.6586,15.6979369551797,4.12384996884735,15.6979369551797,-4.12384996884735,40.2455092434846,3.61088784491365,-0.13224334065934,0.488976110826238
"p",0.0908,0.0544,0.0968,0.2125,0.15,0.1183,58.0051999656766,10.4980439563863,58.0051999656766,10.4980439563863,75.8557929827766,5.35153952213713,0.336650560439559,0.0499085946035553
"p",0.1112,0.0404,0.0537,0.2828,0.1826,0.1582,58.4566799781837,11.8928384423676,58.4566799781837,11.8928384423676,116.397272223105,5.44811204748504,0.381378735264734,0.0417939656990028
"p",0.5038,0.2865,0.3276,0.8777,0.6912,0.746,21.7977336512633,5.47181096573209,21.7977336512633,5.47181096573209,26.1368830601665,1.06451474988405,0.175469662337662,0.284890672897177
"p",0.8086,0.6371,0.6582,0.8141,0.9364,0.896,8.70459983815518,2.69567211838006,8.70459983815518,2.69567211838006,10.7665127525487,1.66328426904588,0.08644463036963,0.639569870361364
"p",0.1641,0.4952,0.8446,0.5906,0.2584,0.3087,50.7181482903679,3.8799954517134,50.7181482903679,3.8799954517134,5.09186459783873,3.05040690019709,0.12442343056943,0.500261315274089
"p",0.269,0.4725,0.5757,0.1532,0.2404,0.1847,39.8393735435129,4.15651040498442,-39.8393735435129,-4.15651040498442,14.1925229554531,7.24016446906099,-0.133290693306693,0.47270516388124
"p",0.294,0.6868,0.2761,0.3105,0.4403,0.3017,38.490918916955,2.34271327102804,38.490918916955,-2.34271327102804,40.9098452660243,5.18287772341421,-0.0751259700299697,0.687454738791528
"p",0.6016,0.8699,0.6265,0.4562,0.6332,0.5675,18.8978622977999,0.919422803738319,18.8978622977999,-0.919422803738319,11.842786330738,3.77793357090791,-0.029483988011988,0.871647843565573
"p",0.6468,0.7046,0.8352,0.6745,0.8248,0.7392,16.5766310924917,2.16459074766355,16.5766310924917,2.16459074766355,5.38734780642839,2.61131726750394,0.0694139490509487,0.711381730152902
"p",0.6068,0.9009,0.8069,0.9102,0.7886,0.8294,17.0841128090619,0.657046510903427,-17.0841128090619,0.657046510903427,5.13211237204466,0.87722762258911,0.0210701228771229,0.901801350692402
"p",0.5793,0.4178,0.5028,0.7875,0.7552,0.7455,19.0937783730142,4.45941314641745,19.0937783730142,4.45941314641745,16.8453576172971,1.56809607156322,0.143004157842158,0.422759638584739
"p",0.9007,0.0564,0.0098,0.018,0.0318,0.1028,4.65746144168212,11.1066921806854,4.65746144168212,-11.1066921806854,200.517603276195,12.3882550481285,-0.356168650349649,0.049322370218582
"p",0.1704,0.8288,0.467,0.1875,0.271,0.1562,50.1967877997667,1.22419925233645,50.1967877997667,1.22419925233645,20.609724424534,6.78288008390852,0.0392575384615383,0.834252255822253
"p",0.503,0.7742,0.9395,0.7788,0.6888,0.6983,23.5474319269399,1.5969961682243,23.5474319269399,1.5969961682243,2.41025462676018,1.78032158106158,0.0512123646353645,0.774629308205598
"p",0.8434,0.2335,0.081,0.2492,0.3804,0.4899,6.45176663100478,6.20237218068536,-6.45176663100478,6.20237218068536,78.0918010867953,4.96150408358078,0.198897249750249,0.243267524335402
"p",0.2861,0.3835,0.5865,0.5053,0.4316,0.3965,37.1110095274594,4.8763915576324,37.1110095274594,4.8763915576324,12.5198018676934,3.28476914616063,0.156375793206793,0.377319585188055
"p",0.806,0.3532,0.261,0.7273,0.8853,0.848,8.39325274624974,5.05281230529595,8.39325274624974,5.05281230529595,37.5877551369306,1.93337512236744,0.162033241758241,0.348674759010846
"p",0.9192,0.3671,0.3029,0.5022,0.6878,0.7579,3.40024651755641,4.8322822741433,3.40024651755641,4.8322822741433,31.4326390006387,3.16070597862159,0.154961299700299,0.371332754256072
"p",0.2101,0.9515,0.5996,0.4623,0.3331,0.3095,45.2424171256686,0.343486199376948,45.2424171256686,0.343486199376948,12.5504793249829,3.8431597262843,0.0110148921078921,0.952437738406194
"p",0.4105,0.2186,0.2417,0.4963,0.5768,0.4827,29.3118482400112,6.96862174454829,29.3118482400112,6.96862174454829,42.8978659172563,3.29389874013948,0.223469288711288,0.21637573833725
"p",0.1089,0.0948,0.1678,0.5357,0.1807,0.2272,61.3919953871705,10.1748672897196,61.3919953871705,10.1748672897196,68.2473006926128,3.7486543099138,0.326286953046952,0.0908940325753397
"p",0.4624,0.2417,0.2794,0.7884,0.6458,0.6678,25.3703817683997,6.43738133956386,25.3703817683997,6.43738133956386,35.5355322826849,1.66803809677309,0.206433507492507,0.24280960343903
"p",0.08,0.0648,0.1336,0.0597,0.1026,0.0521,60.289525324874,10.2649763239875,60.289525324874,10.2649763239875,65.4834671043947,8.55674452038643,0.329176563436562,0.0622002172169008
"p",0.033,0.0125,0.0249,0.1394,0.0576,0.0489,76.9964012722988,14.2469685981308,-76.9964012722988,-14.2469685981308,151.266914639379,7.14347164481917,-0.45687082117882,0.0128145116366742
"p",0.8724,0.7942,0.7443,0.8152,0.9401,0.9215,5.38867263756315,1.47929638629283,-5.38867263756315,1.47929638629283,7.33730399408533,1.58731631546929,0.0474379760239758,0.792312804436701
"p",0.5612,0.7613,0.9629,0.8705,0.7483,0.7837,20.920847510207,1.75190476635514,20.920847510207,1.75190476635514,1.98674058028858,1.36841917784515,0.0561799630369628,0.759652573428704
"p",0.1268,0.0403,0.0538,0.3139,0.2048,0.1816,54.803842160631,11.8225036760125,54.803842160631,11.8225036760125,117.447400341804,4.88203703073765,0.379123244755243,0.0391589154870401
"p",0.8236,0.635,0.5313,0.6286,0.8109,0.8044,8.33051904078716,2.80202632398754,8.33051904078716,-2.80202632398754,17.6332303908972,2.93332680370121,-0.0898551898101895,0.634465750794082
"p",0.9725,0.7675,0.8614,0.9843,0.9968,0.9966,1.24736274377309,1.55943713395639,-1.24736274377309,-1.55943713395639,3.9590353277975,0.331467504959721,-0.0500079240759239,0.772268294496393
"p",0.1559,0.2795,0.3979,0.2006,0.2479,0.1576,51.2740253694293,6.22828239875389,51.2740253694293,6.22828239875389,25.5805533825704,6.20757361019604,0.199728136863136,0.278172552258904
"p",0.0553,0.3709,0.6753,0.1707,0.0956,0.0773,67.2727074754976,5.06710897196262,67.2727074754976,5.06710897196262,9.69305788355437,6.45392902557554,0.162491706293705,0.37020419497212
"p",0.0623,0.0358,0.0716,0.2807,0.106,0.1105,66.009431708724,11.8909690965732,66.009431708724,11.8909690965732,100.213907804329,5.23797381910568,0.381318789210788,0.0346873827076514
"p",0.042,0.0037,0.0057,0.0145,0.0255,0.0149,71.5488561847777,16.4980325856698,71.5488561847777,16.4980325856698,215.373205168484,11.9485995990473,0.529057788211786,0.00309390078891592
"p",0.4265,0.1448,0.1288,0.6127,0.5989,0.553,27.579831074989,8.1633277258567,-27.579831074989,-8.1633277258567,68.8811605669237,2.57583122027736,-0.261781038961038,0.13976859770851
"p",0.0412,0.0298,0.0802,0.2538,0.0703,0.0807,71.8606357296548,12.1548351713396,71.8606357296548,12.1548351713396,93.7423717324362,5.3907740240891,0.389780428571427,0.0322482593965367
"p",0.9853,0.8361,0.8112,0.8625,0.9637,0.9742,0.561178520321672,1.15724554517134,-0.561178520321672,-1.15724554517134,5.31878795642524,1.25094896834504,-0.0371104715284714,0.83909147298485
"p",0.973,0.8716,0.6116,0.2085,0.3238,0.4845,1.09333350181372,0.923468816199377,-1.09333350181372,0.923468816199377,12.4777459766549,6.16839608715029,0.0296137352647352,0.871132801146113
"p",0.4504,0.6884,0.8779,0.6643,0.6279,0.5974,27.2842796352569,2.34556208722741,27.2842796352569,2.34556208722741,4.15924444995406,2.50541242575813,0.0752173256743253,0.68357324990376
"p",0.3006,0.7839,0.3484,0.2006,0.3143,0.2319,35.2200995741855,1.48251018691589,-35.2200995741855,1.48251018691589,26.8420809929022,5.46111183889031,0.0475410359640358,0.782326014566709
"p",0.7075,0.699,0.8653,0.9285,0.8704,0.8905,12.9454830139686,2.05478996884735,-12.9454830139686,-2.05478996884735,3.82974961216066,0.852511079205273,-0.0658928651348649,0.703608637650572
"p",0.628,0.6625,0.447,0.1126,0.1812,0.2572,17.5598714678145,2.61244894080997,-17.5598714678145,2.61244894080997,23.2493521770062,8.02180006455346,0.0837758351648349,0.654263537293035
"p",0.8762,0.5466,0.4286,0.5337,0.7171,0.7619,5.69560796887205,3.47236314641745,5.69560796887205,3.47236314641745,23.3701396289086,3.51533316254729,0.111351505494505,0.551017446709743
"p",0.7291,0.2313,0.1526,0.5897,0.768,0.7282,12.4143259215237,6.7975523364486,12.4143259215237,6.7975523364486,63.5921720552071,2.81667284577284,0.217983446553446,0.230429030591972
"p",0.4431,0.8992,0.6716,0.4925,0.6166,0.5068,27.2101542693661,0.728702679127728,27.2101542693661,-0.728702679127728,9.88486022238506,3.50664904858263,-0.0233679880119881,0.896752288014754
"p",0.1579,0.164,0.31,0.4853,0.2565,0.2697,50.5198649979859,7.82551996884735,50.5198649979859,7.82551996884735,34.1535453562214,3.67449052025449,0.250948242757242,0.166557741410513
"p",0.8317,0.1616,0.0653,0.2746,0.4082,0.5112,7.36565940836443,7.91694828660437,-7.36565940836443,-7.91694828660437,100.962298104873,5.09381205237076,-0.253880159840159,0.163061039461576
"p",0.2462,0.1851,0.2626,0.672,0.3794,0.4284,40.7121853649312,7.34524043613707,40.7121853649312,7.34524043613707,39.0493076261932,2.39312553226851,0.23554667132867,0.182177201793007
"p",0.6483,0.5986,0.2879,0.3497,0.5132,0.5183,17.0880880334651,3.05864479750779,17.0880880334651,-3.05864479750779,39.4201030686796,4.84892014922646,-0.0980844135864124,0.601629238044712
"p",0.8035,0.795,0.7025,0.3508,0.5066,0.5768,7.935885635696,1.36576576323988,7.935885635696,-1.36576576323988,7.82873247418513,3.97481780239923,-0.0437972837162836,0.798796485051398
"p",0.6384,0.595,0.7161,0.9293,0.8186,0.8578,15.814941630715,2.81748109034268,15.814941630715,2.81748109034268,7.42002514885327,0.894501306472481,0.0903507922077917,0.595813910402679
"p",0.5917,0.3958,0.4829,0.7804,0.7676,0.7513,18.8911483551508,4.69783517133956,18.8911483551508,4.69783517133956,18.1602073575191,1.65310652680681,0.150649859140859,0.40485915118397
"p",0.2278,0.2258,0.367,0.4893,0.3505,0.3415,44.3195879461349,7.13877595015576,44.3195879461349,7.13877595015576,29.8040743587572,3.68390430837159,0.228925782217781,0.219123475307654
"p",0.4646,0.113,0.0897,0.5079,0.649,0.5281,26.5721618357065,8.98125059190031,26.5721618357065,8.98125059190031,89.9487318829464,3.49236473726526,0.288010133866133,0.115997566403583
"p",0.3375,0.3364,0.4763,0.88,0.4938,0.5965,34.2848215333479,5.51988436137072,34.2848215333479,5.51988436137072,19.6706850137465,1.25698424297328,0.177011276723276,0.332703848892658
"p",0.3777,0.5738,0.6311,0.315,0.4685,0.3488,31.716162009959,3.2321361682243,31.716162009959,3.2321361682243,11.6830237327826,4.98189124772902,0.103647923076923,0.573362105586172
"p",0.1333,0.474,0.8527,0.6219,0.214,0.2806,51.188704704928,3.97371585669782,51.188704704928,3.97371585669782,4.23518635068805,2.47837155960339,0.12742885014985,0.466171634609637
"p",0.1462,0.1809,0.3277,0.1906,0.2345,0.1472,50.2408788819758,7.40836613707165,50.2408788819758,7.40836613707165,30.849783504908,5.9693443398204,0.237570982017981,0.180657441998995
"p",0.1673,0.2546,0.4304,0.3554,0.2665,0.2302,49.8730644857578,6.57169819314642,49.8730644857578,6.57169819314642,23.0823588842277,4.68377260755658,0.21074077122877,0.252205580170023
"p",0.2933,0.9327,0.7309,0.3396,0.4384,0.312,35.8362222316072,0.438240373831777,-35.8362222316072,-0.438240373831777,7.26855251633957,4.23468229729924,-0.0140534625374624,0.935933719522917
"p",0.7381,0.8993,0.8611,0.7057,0.8707,0.8071,11.3829709792248,0.707595763239874,-11.3829709792248,0.707595763239874,4.26565941635117,2.14792284715728,0.0226911328671327,0.895750637889283
"p",0.6229,0.8799,0.8785,0.7112,0.8013,0.7427,18.013554204451,0.86164738317757,-18.013554204451,-0.86164738317757,4.3789344733635,2.33525532292548,-0.0276312497502495,0.881742837105298
"p",0.1811,0.3875,0.6876,0.6654,0.2911,0.3558,45.2806068834383,4.59266286604361,45.2806068834383,4.59266286604361,8.20991202276573,2.27846733667815,0.147277200799201,0.386921642594423
"p",0.2417,0.661,0.9397,0.6807,0.3704,0.4221,40.4963245970365,2.35446115264797,40.4963245970365,2.35446115264797,2.3031952584402,2.2554419355746,0.0755027002997,0.668275285341733
"p",0.3306,0.6634,0.9441,0.7464,0.49,0.5396,33.232724134271,2.33784971962617,33.232724134271,2.33784971962617,2.28228990781286,1.83819696262973,0.0749700059940057,0.668596068766717
"p",0.7939,0.2471,0.1511,0.4415,0.6155,0.652,9.03181129882624,6.4872876635514,-9.03181129882624,-6.4872876635514,60.1472190479136,3.6208272729747,-0.208033900099899,0.237186981420457
"p",0.6116,0.4548,0.5434,0.9704,0.7931,0.8551,17.9905753299963,4.14523598130841,-17.9905753299963,-4.14523598130841,14.9131789463753,0.61669776556777,-0.132929145854145,0.454301226876662
"p",0.4085,0.1641,0.1587,0.6935,0.5862,0.5868,30.1852310067714,8.01914476635514,30.1852310067714,8.01914476635514,63.4812567768699,2.44668785084242,0.257157389610389,0.163516401390905
"p",0.7668,0.7231,0.8789,0.9071,0.9048,0.9068,10.487367603948,2.0252900623053,-10.487367603948,-2.0252900623053,3.92873754726348,0.930174451777124,-0.0649468641358641,0.722126469403269
"p",0.3075,0.3122,0.4588,0.8215,0.4607,0.5473,34.7070170913003,5.43199862928349,34.7070170913003,5.43199862928349,17.8661088550763,1.44375692316828,0.174192963036962,0.312725440650343
"p",0.6275,0.8986,0.6785,0.3516,0.5087,0.5008,16.8944301257157,0.712631401869158,16.8944301257157,0.712631401869158,8.86018530371021,4.2607826365896,0.0228526153846153,0.896107417612718
"p",0.8026,0.7177,0.5827,0.8266,0.9305,0.8953,8.6375207105316,1.9299546728972,8.6375207105316,-1.9299546728972,11.7862369945676,1.45116191007514,-0.061889655344655,0.717223869842017
"p",0.8121,0.1808,0.1078,0.4913,0.6706,0.7004,8.23517788310554,7.34627158878504,-8.23517788310554,-7.34627158878504,75.4682969267619,3.14946974479154,-0.235579738261738,0.185791381098358
"p",0.0923,0.042,0.0746,0.1528,0.1522,0.0951,59.1265661030427,11.341516635514,59.1265661030427,11.341516635514,94.4910364484589,6.62498568092793,0.363698985014983,0.0416109322150744
"p",0.9056,0.8534,0.892,0.9,0.979,0.9646,4.29635435007015,1.05351028037383,4.29635435007015,1.05351028037383,3.61520260487828,1.07681752656725,0.0337838961038959,0.854608897319067
"p",0.7535,0.2518,0.1477,0.4554,0.6389,0.6507,11.1267145744037,6.47936099688473,11.1267145744037,6.47936099688473,63.7912975413157,3.81825845571116,0.207779708291706,0.253236852487398
"p",0.8116,0.75,0.6073,0.3935,0.5603,0.6195,8.02022332979002,1.74092417445483,8.02022332979002,1.74092417445483,11.5272347250954,3.80293327049622,0.055827838161838,0.751161586451501
"p",0.3598,0.4752,0.7025,0.8112,0.5236,0.593,31.0944269103171,3.90366781931464,31.0944269103171,3.90366781931464,7.98217288155672,1.51496761521782,0.125182554445554,0.467942804815122
"p",0.5042,0.4183,0.4344,0.7118,0.6968,0.6681,23.6329628450007,4.6072876635514,23.6329628450007,4.6072876635514,22.1737064633398,2.26219048104606,0.147746187812187,0.41344081719471
"p",0.866,0.3155,0.2202,0.6811,0.8492,0.8527,6.01309676096001,5.52950535825545,6.01309676096001,5.52950535825545,46.1962369868524,2.31149104777703,0.177319802197802,0.325958049237244
"p",0.1956,0.4067,0.7002,0.5101,0.3039,0.3167,44.5247729300488,4.51493554517134,-44.5247729300488,-4.51493554517134,8.0886740223813,3.17534846271047,-0.144784646353646,0.413283063192934
"p",0.4115,0.1309,0.1136,0.5662,0.5889,0.5185,28.347618527051,8.28520012461059,-28.347618527051,-8.28520012461059,72.5456471474496,2.92227484279717,-0.265689234765234,0.132856191610003
"p",0.9108,0.7079,0.7201,0.8815,0.9745,0.9615,3.9192800016739,2.12134725856698,3.9192800016739,2.12134725856698,8.24375700565508,1.22697096945958,0.0680272197802194,0.70922709258558
"p",0.361,0.9211,0.4573,0.0066,0.0117,0.0323,32.6734360794879,0.556620280373832,32.6734360794879,0.556620280373832,20.4454572033689,15.5584270565096,0.0178496613386614,0.921183409987709
"p",0.3156,0.614,0.895,0.665,0.4708,0.4929,37.5409395117863,3.02565218068536,37.5409395117863,3.02565218068536,3.92068196332494,2.72239207199174,0.097026408591408,0.607218266546332
"p",0.5289,0.4778,0.5792,0.8266,0.7049,0.7275,23.5396459984833,4.14945588785047,-23.5396459984833,-4.14945588785047,14.5825364241914,1.476521856976,-0.133064469530469,0.479605327796834
"p",0.2627,0.1645,0.1783,0.3684,0.3951,0.3124,39.3053936502025,7.87948841121495,-39.3053936502025,-7.87948841121495,56.4344171250984,4.28800215290061,-0.252678899100898,0.160538438968196
"p",0.1321,0.0069,0.0055,0.0945,0.1547,0.0906,51.5390131676647,14.7001550155763,51.5390131676647,14.7001550155763,212.44768808718,7.59321756640513,0.471403572427571,0.0066189775185885
"p",0.2178,0.2509,0.3722,0.5467,0.3386,0.3494,45.23641548459,6.69711165109034,-45.23641548459,-6.69711165109034,28.91241793683,3.36896515767319,-0.21476252147852,0.252887127291057
"p",0.8507,0.5178,0.3569,0.4142,0.5851,0.6525,6.50385105994546,3.52113778816199,-6.50385105994546,3.52113778816199,26.5093801528579,3.5283703735917,0.112915607392607,0.513858695961158
"p",0.9907,0.7134,0.7744,0.9234,0.9875,0.9915,0.32377550543179,2.06570028037383,-0.32377550543179,2.06570028037383,6.40032400279323,0.936584137619754,0.0662427362637361,0.708177721575529
"p",0.4707,0.3743,0.3275,0.299,0.4492,0.3861,25.972266559638,5.01921367601246,25.972266559638,5.01921367601246,32.1016032336175,5.13078898721748,0.160955803196803,0.383715873903015
"p",0.4503,0.3947,0.4813,0.404,0.5737,0.4462,26.8841699843493,4.77089320872274,-26.8841699843493,-4.77089320872274,18.9414218641106,3.86240836963912,-0.152992679320679,0.401825440497422
"p",0.3395,0.6514,0.9242,0.7792,0.4931,0.5576,33.1298117139432,2.47865423676013,33.1298117139432,2.47865423676013,2.68848794758699,1.64576704222373,0.0794853156843154,0.656941406649049
"p",0.7048,0.6068,0.7934,0.9618,0.869,0.9042,12.7141994127975,2.72191339563863,-12.7141994127975,-2.72191339563863,5.56188109644885,0.570079736969394,-0.0872861338661335,0.609511139685101
"p",0.971,0.676,0.708,0.7405,0.8924,0.9228,1.31284615074568,2.35569485981308,-1.31284615074568,-2.35569485981308,8.4080539342434,1.9463611754267,-0.0755422627372627,0.67721577846385
"p",0.552,0.4412,0.532,0.6312,0.7336,0.6507,19.0338815327299,4.01070953271028,19.0338815327299,4.01070953271028,13.212790655515,2.15784317473894,0.12861516083916,0.435674023819696
"p",0.24,0.1094,0.1452,0.6443,0.3705,0.4094,42.5040414219635,9.09131890965732,42.5040414219635,9.09131890965732,67.65047982131,2.70996564279125,0.291539797202796,0.114758269828906
"p",0.4605,0.2803,0.1948,0.1511,0.2396,0.2539,24.6588887605933,5.714553894081,24.6588887605933,5.714553894081,46.5663701449775,6.43834341936174,0.183253926073926,0.28522058320071
"p",0.9879,0.9846,0.9922,0.9475,0.993,0.9941,0.515438409040393,0.138224859813084,0.515438409040393,0.138224859813084,0.823828477261158,0.790841745498875,0.00443258541458536,0.981399674948649
"p",0.7493,0.8558,0.9818,0.9453,0.8986,0.9174,11.166139738081,1.04361473520249,11.166139738081,1.04361473520249,1.26235004465029,0.765251479802423,0.0334665664335663,0.853236901119494
"p",0.3276,0.7868,0.9302,0.786,0.4845,0.5548,34.6622432659527,1.49773193146417,-34.6622432659527,-1.49773193146417,2.72832537277989,1.79368987385373,-0.0480291658341655,0.791345438598163
"p",0.9018,0.6654,0.4858,0.3988,0.5757,0.6688,4.54626494067714,2.41781130841122,-4.54626494067714,-2.41781130841122,17.9117997425154,4.06586892237809,-0.0775342087912084,0.665628993720633
"p",0.4318,0.3469,0.4003,0.7845,0.6078,0.642,25.8544644994703,4.88037249221184,-25.8544644994703,-4.88037249221184,20.5680177652757,1.51428711752154,-0.156503453546453,0.347255806260273
"p",0.2251,0.1876,0.3024,0.6949,0.3467,0.4106,40.6492138697545,7.04260246105919,40.6492138697545,7.04260246105919,31.0764793024329,1.9943244946114,0.225841697302696,0.183116307184032
"p",0.3374,0.7124,0.3473,0.3859,0.4949,0.3744,34.1444871461341,2.04880679127726,34.1444871461341,-2.04880679127726,29.1023994166446,4.25287810154685,-0.0657009970029967,0.715291682735939
"p",0.5146,0.1715,0.1485,0.4032,0.58,0.4833,22.2926937409055,7.40830591900311,-22.2926937409055,-7.40830591900311,58.8155369130432,3.69547194619054,-0.23756905094905,0.170407675240427
"p",0.6521,0.3771,0.3402,0.729,0.8288,0.7676,15.2895854157547,4.79716171339564,-15.2895854157547,-4.79716171339564,27.7571839197818,1.83287403687232,-0.153835055944055,0.373645920932607
"p",0.5721,0.1809,0.1321,0.4455,0.6218,0.5474,19.9565620705047,7.57048744548286,-19.9565620705047,-7.57048744548286,68.7213090773396,3.71662973577848,-0.242769877122876,0.17191553207987
"p",0.9013,0.7998,0.812,0.8694,0.9689,0.9529,4.58927368536776,1.46475853582554,4.58927368536776,-1.46475853582554,6.25296105580392,1.54175712986362,-0.046971777222777,0.804722815771822
