"","pLW","pLU","pQU","pQH","pMin","pFisher","SW","SL","SWwin","SLwin","SC","SQ","CMCBeta","pBeta"
"p",0.6311,0.7339,0.5399,0.672,0.7756,0.6912,24.6846871227053,2.78315370716511,24.6846871227053,2.78315370716511,32.5657394931353,2.06467400734203,0.00452117162162151,0.982269921849761
"p",0.5561,0.8564,0.5005,0.4968,0.6366,0.5487,30.2107330348446,1.45280398753894,30.2107330348446,1.45280398753894,36.8216230301615,3.08596016111554,-0.0814535905405408,0.692429264244377
"p",0.1311,0.2584,0.385,0.2366,0.1849,0.1589,78.2370526665787,9.24484809968848,78.2370526665787,9.24484809968848,50.2698019275128,5.43189869048396,0.0735294135135138,0.722733113027367
"p",0.4279,0.7215,0.851,0.5796,0.5599,0.5125,42.6548983604951,2.99146775700935,42.6548983604951,2.99146775700935,11.9040019455293,2.72895335996627,-0.10922625,0.600517188124517
"p",0.4015,0.5011,0.7902,0.7918,0.5266,0.5899,45.3805338106297,5.64906619937695,-45.3805338106297,-5.64906619937695,15.9371785355167,1.67766031237349,0.0152014675675675,0.942661084460569
"p",0.9934,0.7961,0.9509,0.9756,0.9979,0.998,0.425840090379339,1.99682158878505,-0.425840090379339,-1.99682158878505,4.91589742167916,0.398398122108306,-0.079421963513514,0.691802895572682
"p",0.601,0.4593,0.6375,0.5543,0.7012,0.6101,28.1559139796498,6.0606038317757,28.1559139796498,6.0606038317757,25.6947129771418,2.82991406484583,-0.0382979189189189,0.853084518165902
"p",0.8171,0.2522,0.0968,0.1165,0.1677,0.2998,12.34059250831,9.18810386292835,-12.34059250831,-9.18810386292835,110.378583760255,7.22222910562922,-0.345833272972975,0.0897977558102985
"p",0.7914,0.3265,0.3005,0.2558,0.3472,0.454,14.245621002868,8.28375660436137,-14.245621002868,-8.28375660436137,64.9675996521328,5.46244024040113,-0.178479110810812,0.39938830562589
"p",0.5181,0.7693,0.9324,0.751,0.6676,0.6666,31.6226018097311,2.23385230529595,31.6226018097311,2.23385230529595,6.11326716187084,1.61135124216828,0.101711883783784,0.605169125799653
"p",0.7807,0.9172,0.9002,0.8539,0.9024,0.8787,15.0584675047649,0.891693457943925,15.0584675047649,-0.891693457943925,8.97141630761289,1.30182444155767,0.0122266337837836,0.954238481967832
"p",0.8673,0.7304,0.7479,0.7201,0.8584,0.8526,9.01736421615052,2.83802591900312,9.01736421615052,-2.83802591900312,18.8514794891451,1.96655636228649,-0.125856460810811,0.552726514221743
"p",0.9172,0.9587,0.9318,0.9788,0.981,0.9842,5.62467703625964,0.432176947040499,-5.62467703625964,-0.432176947040499,7.41946777171441,0.42295316661786,0.0198755121621621,0.924494998733515
"p",0.7018,0.5218,0.5919,0.8163,0.8424,0.8141,19.2864063221733,5.12031897196262,-19.2864063221733,-5.12031897196262,29.0473164476403,1.3497361460487,-0.0981537000000006,0.634838200748899
"p",0.8464,0.9834,0.1103,0.261,0.3592,0.4803,10.6284842879049,0.169382242990653,10.6284842879049,0.169382242990653,109.693197963291,5.17951809461454,0.0140922608108108,0.946153076247638
"p",0.7809,0.2821,0.0567,0.1122,0.1585,0.2888,13.5951959758438,8.43686542056075,13.5951959758438,8.43686542056075,132.524515071824,7.40931944600422,0.282034544594596,0.164133669768552
"p",0.8783,0.7564,0.9721,0.9933,0.9653,0.9761,8.11710968461999,2.52159909657321,8.11710968461999,2.52159909657321,3.88982704617631,0.230744572262485,0.070960802702703,0.735531850865324
"p",0.1891,0.716,0.5292,0.0729,0.103,0.1052,65.7194508941912,2.93914563862928,65.7194508941912,2.93914563862928,31.9177344977556,8.10075889433513,-0.147665786486487,0.457534136481687
"p",0.4525,0.8489,0.9444,0.392,0.5214,0.4301,39.0365943966432,1.57858171339564,39.0365943966432,1.57858171339564,5.80737334707687,3.93638411266603,-0.0337533864864867,0.870852306993102
"p",0.7877,0.5378,0.7632,0.8834,0.9052,0.8942,14.7187671737434,5.22264498442368,14.7187671737434,5.22264498442368,18.3272090881885,1.1126609690012,0.209645082432433,0.326393742903992
"p",0.4558,0.5399,0.8374,0.8088,0.5903,0.6408,40.4824381253196,5.12776345794393,-40.4824381253196,-5.12776345794393,13.1746493049297,1.54131892291648,-0.144161963513514,0.498025029271554
"p",0.186,0.1326,0.1719,0.3736,0.2603,0.2529,68.2171725381927,12.1967585358255,68.2171725381927,12.1967585358255,86.406872540645,4.10294242448026,0.37833241891892,0.065375862335265
"p",0.587,0.8376,0.4983,0.2331,0.3209,0.3684,27.2553968732375,1.64024143302181,27.2553968732375,-1.64024143302181,35.6274491569907,5.18744474735195,-0.227285232432433,0.260388922537209
"p",0.8821,0.5422,0.3016,0.2526,0.3439,0.481,7.7199409507066,5.03578345794392,7.7199409507066,-5.03578345794392,61.3767675298793,5.29395309608442,-0.211867370270271,0.306342098433197
"p",0.2178,0.1496,0.3283,0.5035,0.3001,0.3218,62.7739209394024,11.4715444859813,-62.7739209394024,-11.4715444859813,54.8207155607416,3.04780819209383,-0.311873477027028,0.121601453202121
"p",0.5722,0.9148,0.7207,0.6033,0.7181,0.6212,26.9797240757928,0.792274080996885,26.9797240757928,0.792274080996885,17.4562609902149,2.20116497246894,-0.0761079675675681,0.697023767649828
"p",0.5176,0.5348,0.8207,0.6151,0.6606,0.5931,35.3648016456466,5.37057570093458,35.3648016456466,5.37057570093458,14.7417086012652,2.68031306347678,0.0521962581081082,0.806815372489753
"p",0.5955,0.5807,0.9065,0.9624,0.7416,0.8135,28.873460930739,4.71616034267913,28.873460930739,4.71616034267913,9.02573356107094,0.589531736596658,0.17036115945946,0.430597458226449
"p",0.1172,0.1156,0.3385,0.3968,0.1699,0.1992,83.7490326153553,13.1786496884735,83.7490326153553,13.1786496884735,60.4263728645497,4.21849605786767,0.244730482432433,0.253175217614521
"p",0.9609,0.8695,0.6983,0.8483,0.9462,0.9554,2.601861416949,1.33713492211838,-2.601861416949,1.33713492211838,22.0682802225359,1.18899826966214,-0.0430808905405406,0.837717819693738
"p",0.7269,0.6048,0.8227,0.9115,0.8628,0.876,18.7080645918937,4.4354361682243,-18.7080645918937,-4.4354361682243,14.4946766520203,0.911482265694207,-0.0437956945945947,0.837670823584853
"p",0.5686,0.4682,0.494,0.5766,0.7166,0.6065,29.3737765772843,5.81864591900311,-29.3737765772843,-5.81864591900311,37.1479452313993,2.72690278749288,-0.197179190540541,0.338742327251777
"p",0.8704,0.9624,0.7536,0.9036,0.9588,0.9417,8.50810714953214,0.399290373831777,-8.50810714953214,-0.399290373831777,18.1279192268272,0.910644731172976,0.0168837445945947,0.935882705720083
"p",0.8745,0.9384,0.7553,0.5392,0.6831,0.7363,8.31456428432481,0.599132616822427,-8.31456428432481,-0.599132616822427,17.8379014761853,2.91369405937226,-0.0522496054054055,0.804755941769977
"p",0.2537,0.465,0.7618,0.472,0.3519,0.34,61.7905347271882,6.22096775700935,61.7905347271882,6.22096775700935,18.7754038793237,3.63459610235289,-0.0555108040540544,0.795952480106958
"p",0.8674,0.3355,0.2384,0.2998,0.4027,0.5261,8.9053726981333,7.84626741433022,-8.9053726981333,-7.84626741433022,72.5920740533912,4.86241014800306,-0.245449300000001,0.24218183404483
"p",0.3289,0.9264,0.4074,0.1054,0.1479,0.1681,52.6829800679624,0.7932785046729,52.6829800679624,0.7932785046729,51.550633828649,8.52533757186652,-0.0974442729729734,0.649565195779083
"p",0.7112,0.5301,0.1598,0.335,0.4524,0.5014,19.41822395937,5.13176813084112,-19.41822395937,-5.13176813084112,93.1780386772436,4.53838639238667,-0.0835654702702709,0.692193329091587
"p",0.3901,0.3383,0.4513,0.6155,0.5222,0.5086,42.1504148425244,7.3900184423676,42.1504148425244,7.3900184423676,38.7707654639686,2.25349175572042,0.217457958108109,0.268804158250449
"p",0.5221,0.7892,0.0739,0.0444,0.0646,0.1359,33.499679207479,2.21305965732087,33.499679207479,-2.21305965732087,125.084761255031,10.2664572723992,-0.256067386486487,0.217529878078729
"p",0.3424,0.3857,0.7144,0.7647,0.4573,0.5308,52.0431195157476,7.46387570093458,52.0431195157476,7.46387570093458,22.828225538583,1.84278220055646,0.114682812162163,0.599125236915957
"p",0.9959,0.8912,0.7889,0.9219,0.9836,0.9888,0.375818284888241,1.06808180685358,0.375818284888241,-1.06808180685358,13.7750863363445,0.700533734299735,-0.0965059162162164,0.623855021758575
"p",0.0763,0.1437,0.0642,0.0504,0.073,0.0522,89.8024913911701,11.4792630529595,89.8024913911701,11.4792630529595,125.13832091304,9.29117818579534,0.239393097297298,0.235804403827914
"p",0.1166,0.1965,0.4138,0.1127,0.1611,0.1023,79.28050993992,10.2168246417445,79.28050993992,10.2168246417445,43.5019824301335,7.09781138075844,0.0773471486486489,0.698463605290539
"p",0.6756,0.6304,0.8346,0.9512,0.8188,0.8636,21.2384834935821,3.85978183800623,-21.2384834935821,-3.85978183800623,12.1442635758088,0.589090006650357,-0.0726955594594601,0.71762117302608
"p",0.879,0.4502,0.272,0.3766,0.4961,0.6015,8.4128606107365,6.39333750778816,8.4128606107365,6.39333750778816,69.4517313102272,4.19655095467307,0.219093570270271,0.300992712837439
"p",0.8827,0.8077,0.8103,0.9336,0.9653,0.9598,7.04985365592884,1.86152386292835,-7.04985365592884,-1.86152386292835,12.4887409491381,0.61586707051395,-0.0422961067567569,0.831645489978897
"p",0.4528,0.4979,0.3316,0.4961,0.5906,0.486,38.6705255625179,5.43912133956386,38.6705255625179,5.43912133956386,53.5413832398103,3.06363213765375,0.136313293243244,0.500526773807805
"p",0.3608,0.475,0.8431,0.7759,0.4832,0.55,49.718931752111,6.06735124610592,-49.718931752111,-6.06735124610592,13.4917123069512,1.81426627016288,-0.0518572202702708,0.810549080878162
"p",0.1905,0.4189,0.544,0.2649,0.266,0.2112,66.1375986292245,6.46211143302181,66.1375986292245,6.46211143302181,32.6053053992738,4.80414041916345,-0.0406591067567569,0.841305575885376
"p",0.6634,0.999,0.346,0.3013,0.4071,0.4568,22.4748367408576,0.0100840809968841,-22.4748367408576,-0.0100840809968841,52.2968080610906,4.5956483888048,-0.00940773378378388,0.963389736100457
"p",0.9786,0.9307,0.6562,0.8599,0.9539,0.9664,1.3554948128599,0.658861246105918,-1.3554948128599,0.658861246105918,22.9562658599989,1.15469866607718,-0.0736689621621624,0.713834917193245
"p",0.6989,0.635,0.553,0.7006,0.8396,0.7517,21.6749836918312,4.02207866043614,-21.6749836918312,-4.02207866043614,34.2670197181567,2.21986975542998,-0.109855967567568,0.604639958640037
"p",0.9464,0.6473,0.7053,0.8303,0.9377,0.9443,3.18104276659122,3.49918074766355,-3.18104276659122,-3.49918074766355,19.3240700324809,1.24414938836801,-0.230133985135136,0.240612051814947
"p",0.3975,0.3202,0.6275,0.7957,0.5237,0.5904,43.6231215808848,8.05635657320872,-43.6231215808848,-8.05635657320872,26.016900461315,1.50958254499065,-0.172090741891893,0.404490700922309
"p",0.7324,0.7624,0.6349,0.8425,0.8664,0.8474,18.2840549806687,2.5719546105919,-18.2840549806687,-2.5719546105919,26.6877277698263,1.30217650453765,0.0026777527027026,0.989666762216734
"p",0.377,0.3797,0.2954,0.5096,0.5002,0.4453,45.6153701878131,7.04771339563863,45.6153701878131,7.04771339563863,61.1383719787412,3.04522344996054,0.0653186540540543,0.752461708330947
"p",0.8328,0.9712,0.8311,0.8679,0.9409,0.9127,10.960928725245,0.292506043613707,10.960928725245,0.292506043613707,13.7212547408855,1.20016526863086,-0.180337056756757,0.394610121913809
"p",0.3927,0.5511,0.5334,0.5085,0.5179,0.4541,45.2289302619044,4.90732130841122,45.2289302619044,4.90732130841122,35.21247477594,3.16173235187925,0.0262618783783788,0.901147492318418
"p",0.3664,0.2375,0.4946,0.6947,0.4874,0.5216,45.6264642551238,9.16596242990654,45.6264642551238,9.16596242990654,34.1202361864208,1.95566813451956,0.13336088918919,0.496797293810747
"p",0.935,0.7923,0.824,0.7642,0.8928,0.9057,4.2773370061985,2.21679146417445,-4.2773370061985,2.21679146417445,13.9841493894253,1.75938250337592,0.163560260810811,0.438753410278791
"p",0.6818,0.9031,0.8044,0.5291,0.6784,0.6355,21.6384361709525,0.963363676012462,-21.6384361709525,-0.963363676012462,14.8933021376501,3.00026178039968,-0.0795279918918921,0.699897987977287
"p",0.5817,0.5174,0.8108,0.9213,0.7274,0.7845,28.1707556274828,5.25913626168224,28.1707556274828,5.25913626168224,13.5336075995822,0.694661460405779,0.146870635135136,0.469824513521103
"p",0.8297,0.7328,0.7213,0.8638,0.9357,0.907,10.3840196262295,2.66950579439252,-10.3840196262295,-2.66950579439252,18.2899334139962,1.05046141590173,-0.193841951351352,0.324366455555078
"p",0.7537,0.8232,0.9312,0.9207,0.8824,0.8968,15.7980123954552,1.82007806853583,15.7980123954552,1.82007806853583,6.45806504849075,0.800439116798897,-0.0807510297297301,0.691366923515696
"p",0.9324,0.6155,0.5854,0.4802,0.6233,0.7163,4.78002130553225,4.18156604361371,4.78002130553225,4.18156604361371,32.8964005649248,3.6310376601688,0.0924643594594599,0.669985292276541
"p",0.3617,0.4199,0.1797,0.3177,0.4345,0.335,47.6861764225862,6.55238236760125,47.6861764225862,6.55238236760125,86.2246924417655,4.65654248111028,0.0779874513513522,0.70950656157768
"p",0.963,0.6851,0.8322,0.871,0.9601,0.9651,2.30394790155008,3.3262754517134,2.30394790155008,3.3262754517134,13.4665652682061,1.17275939660523,0.190705741891893,0.364796398594934
"p",0.4807,0.4182,0.3166,0.4858,0.6189,0.498,35.5394572143243,6.43354218068536,-35.5394572143243,-6.43354218068536,55.6418336523105,3.03532042482855,-0.374459370270272,0.0609618427786928
"p",0.6226,0.6135,0.8252,0.9012,0.7673,0.8087,25.1704112192313,4.09543118380062,-25.1704112192313,-4.09543118380062,13.018693095652,0.838672180120984,-0.07608570945946,0.715155811272673
"p",0.4654,0.5547,0.7521,0.7683,0.6063,0.6341,36.7621893640954,4.70367647975078,36.7621893640954,4.70367647975078,17.0456116962845,1.56868706059381,0.0113281972972972,0.95540760561682
"p",0.3058,0.1022,0.0657,0.1821,0.2536,0.2189,51.6118394256281,12.8375930529595,-51.6118394256281,-12.8375930529595,125.221233625633,5.82767072351791,-0.365304913513515,0.0735745347377794
"p",0.3652,0.439,0.3355,0.2524,0.3464,0.293,47.2082195229034,6.32805065420561,47.2082195229034,6.32805065420561,57.7327303412201,5.31652665754007,-0.0204972810810814,0.922073984419529
"p",0.6456,0.63,0.7434,0.8554,0.7899,0.8003,25.187554257079,4.15077264797508,25.187554257079,4.15077264797508,21.1472203273909,1.4006671013142,0.0298360324324326,0.89037772185822
"p",0.479,0.5394,0.9151,0.8999,0.6159,0.6995,38.7186610993497,5.2726553271028,38.7186610993497,5.2726553271028,8.70283082110782,1.01159510182322,0.0429202378378381,0.843972202121456
"p",0.7997,0.9251,0.9079,0.9337,0.9175,0.9244,14.1110202387814,0.801257165109035,-14.1110202387814,-0.801257165109035,8.99626766706016,0.850721964431919,0.028446833783784,0.895354396295772
"p",0.2695,0.5936,0.417,0.1615,0.2268,0.1956,58.4192804283075,4.35956968847352,58.4192804283075,4.35956968847352,47.4713660034525,6.83200069348952,-0.0490200878378381,0.816405149299159
"p",0.2638,0.1138,0.2145,0.3011,0.3588,0.2717,60.3761141782643,13.181485576324,-60.3761141782643,-13.181485576324,80.0124243128869,4.90898781322453,-0.312157533783785,0.140533276601288
"p",0.4482,0.8074,0.8241,0.535,0.5866,0.5061,40.7858686868426,1.99603788161994,40.7858686868426,1.99603788161994,14.1603819266086,3.11340305740336,-0.148995840540541,0.477521390287223
"p",0.5505,0.5806,0.6705,0.772,0.693,0.6941,30.4836837287303,4.44948158878505,30.4836837287303,4.44948158878505,22.2900880579259,1.48598045618429,0.102385175675676,0.618329949384975
"p",0.2071,0.5064,0.3918,0.1336,0.1896,0.1514,64.6716826435843,5.32403177570094,-64.6716826435843,-5.32403177570094,47.1946785927293,6.94703902595232,0.0882009891891895,0.669010640795647
"p",0.3126,0.4317,0.6205,0.4136,0.4269,0.3554,53.8942151877072,6.5306030529595,53.8942151877072,6.5306030529595,29.0606314391462,3.98472840036448,0.0336294945945947,0.874193014928084
"p",0.7377,0.9212,0.8209,0.7624,0.8674,0.8052,16.5344628619686,0.768342242990655,16.5344628619686,-0.768342242990655,11.9908924610611,1.50592514479513,-0.170884710810812,0.390332559055787
"p",0.8485,0.6567,0.758,0.9172,0.9461,0.9382,10.2420255688292,3.75442299065421,10.2420255688292,3.75442299065421,18.30519608188,0.970419470311541,0.0707387594594602,0.738472743003968
"p",0.6467,0.5083,0.5196,0.7705,0.7941,0.7623,25.3911689494141,5.61233186915888,25.3911689494141,5.61233186915888,40.2804211177334,1.8707417893655,0.156195502702703,0.476978456192077
"p",0.2237,0.1291,0.3112,0.4455,0.3092,0.3071,65.2062853076924,12.6348771962617,65.2062853076924,12.6348771962617,63.3038793106378,3.74849223369002,0.457129033783786,0.0318073994720462
"p",0.8344,0.8323,0.9382,0.919,0.9402,0.9345,10.8154784141928,1.72016666666667,10.8154784141928,1.72016666666667,6.22447696966667,0.837067052054522,-0.0956357324324326,0.649103145292375
"p",0.1428,0.1424,0.3513,0.3415,0.2024,0.2042,74.2005139294347,11.6456139252336,-74.2005139294347,-11.6456139252336,51.6534133083117,4.16745880248011,-0.339381243243245,0.0966771384927142
"p",0.3518,0.3829,0.4106,0.5389,0.4742,0.4421,47.2555296994998,6.9689691588785,-47.2555296994998,-6.9689691588785,44.9270581477699,2.81875578706809,0.00552605270270294,0.978722616082665
"p",0.2322,0.4947,0.8241,0.3581,0.32,0.278,62.6715140819658,5.55785445482866,62.6715140819658,5.55785445482866,13.492307798377,4.19376205200151,-0.00559989594594588,0.978471800834156
"p",0.9394,0.6187,0.7004,0.8143,0.9273,0.9336,4.37515050836115,4.37503489096573,4.37515050836115,4.37503489096573,24.4211171207206,1.64049424828133,0.237426225675677,0.285214522302507
"p",0.0572,0.0794,0.2783,0.1966,0.0815,0.0929,98.3187465879076,14.126851152648,98.3187465879076,14.126851152648,61.6329430187672,5.67443603911248,0.197130436486487,0.324646884642698
"p",0.8354,0.8608,0.5153,0.6402,0.7861,0.7883,11.5527102888617,1.5034045482866,11.5527102888617,-1.5034045482866,39.9425341374504,2.63207604076042,-0.0692348527027034,0.751456251221077
"p",0.5176,0.2265,0.0598,0.1703,0.2381,0.2842,31.1238384164253,9.12792838006231,-31.1238384164253,-9.12792838006231,114.07325094346,5.39032465243343,-0.345079245945947,0.0700994705351118
"p",0.9174,0.702,0.056,0.1731,0.2421,0.3977,5.41568233988064,3.19929258566978,5.41568233988064,3.19929258566978,150.130884185837,6.77590528297816,0.0199838648648648,0.925850816814276
"p",0.6172,0.9208,0.5695,0.4341,0.5706,0.5391,26.8478700306383,0.800965919003115,26.8478700306383,0.800965919003115,33.7622032364753,3.85293521863664,-0.184664624324325,0.389581721874511
"p",0.3739,0.7901,0.3555,0.2315,0.3176,0.2832,47.7655543422326,2.29432641744548,47.7655543422326,2.29432641744548,58.7704549410989,6.02628484206963,-0.0714135270270275,0.74088125919415
"p",0.5425,0.4126,0.5318,0.8037,0.6858,0.7008,33.4488050576518,7.02007355140187,-33.4488050576518,-7.02007355140187,38.3328714984191,1.61770949973951,-0.183265074324325,0.398564843242007
"p",0.6857,0.6138,0.3189,0.5832,0.7276,0.6714,21.9759296467079,4.33344018691589,-21.9759296467079,-4.33344018691589,62.8750477720823,2.85028888333346,-0.243758501351352,0.250290686864492
"p",0.9578,0.9701,0.9015,0.8978,0.9731,0.9728,3.08671879959598,0.34385738317757,3.08671879959598,0.34385738317757,9.87099359243488,1.13261503926871,-0.0647920297297297,0.766516881533027
"p",0.3302,0.1971,0.3354,0.5909,0.4453,0.4502,49.1550636653032,10.278542211838,49.1550636653032,10.278542211838,52.8695655301567,2.40702922611778,0.236377351351352,0.233469687199964
"p",0.2925,0.4495,0.1998,0.0691,0.0975,0.1274,54.5095093920161,6.23635398753894,54.5095093920161,6.23635398753894,80.4730451283244,9.22108452527634,0.0361998500000005,0.861556604701152
"p",0.9346,0.4908,0.3945,0.1096,0.1562,0.3122,4.35099337514707,5.65525236760124,4.35099337514707,-5.65525236760124,49.5180368359041,7.79086057149822,-0.00660616081081079,0.975066472838028
"p",0.6449,0.7874,0.9839,0.9521,0.7872,0.842,25.4532532527639,2.33856261682243,25.4532532527639,2.33856261682243,2.86829435524984,0.676677113884124,-0.0555079256756759,0.799191778685546
"p",0.4249,0.4907,0.8323,0.6872,0.5588,0.5642,41.991135818988,5.69590841121495,41.991135818988,5.69590841121495,13.4097304007306,2.11047329535421,0.121872798648649,0.55789241990519
"p",0.637,0.8472,0.9741,0.9063,0.7841,0.8202,23.6459153536106,1.55526763239875,-23.6459153536106,-1.55526763239875,3.03389445040945,0.810253600695737,0.0571866513513515,0.77321745059497
"p",0.8198,0.5849,0.7804,0.9213,0.9288,0.9263,11.9117748557623,4.45067545171339,-11.9117748557623,-4.45067545171339,15.8818788705893,0.843180998150104,-0.208968472972973,0.310312975847196
"p",0.7804,0.6092,0.4544,0.755,0.8873,0.8282,14.0980497114638,4.02698193146417,14.0980497114638,4.02698193146417,38.6817095337182,1.65823198086405,0.174284790540541,0.386153306291233
"p",0.031,0.0594,0.1873,0.0832,0.0462,0.0443,109.112002319028,14.9711570404984,109.112002319028,14.9711570404984,80.1961184207587,7.94980905360831,0.310074420270272,0.123574099129591
"p",0.7722,0.68,0.1894,0.4488,0.5897,0.6227,15.9457995262832,3.58056330218069,15.9457995262832,3.58056330218069,87.4167592926986,3.81117630029222,0.232991163513514,0.277579973191354
"p",0.5358,0.4646,0.0328,0.1511,0.2114,0.2731,32.5185048584986,6.07840610591901,-32.5185048584986,-6.07840610591901,165.659021659342,7.09082748630228,-0.26555673918919,0.206532058965034
"p",0.9876,0.747,0.54,0.7541,0.8813,0.9218,1.07174253422004,2.91899448598131,1.07174253422004,2.91899448598131,40.2006812209949,2.11114983566649,0.0742376108108111,0.741377562731362
"p",0.6318,0.8729,0.8147,0.6136,0.7626,0.6598,25.0714299721741,1.28538968847352,-25.0714299721741,-1.28538968847352,13.9645818246656,2.47392470199565,0.0950315337837842,0.644163428688239
"p",0.6602,0.3544,0.3836,0.5708,0.7247,0.6535,23.0212498843938,7.51757713395638,-23.0212498843938,-7.51757713395638,48.7981670806366,2.76484370541873,-0.221011340540541,0.282560400716139
"p",0.3726,0.2244,0.4334,0.1802,0.2535,0.2423,47.924865689359,10.0784900934579,47.924865689359,10.0784900934579,46.7618603389037,6.42243553184536,0.111481236486487,0.603237423816464
"p",0.4241,0.1092,0.0436,0.1369,0.1903,0.2292,42.6536416676215,13.3018873520249,-42.6536416676215,-13.3018873520249,154.893225784661,7.24012014730091,-0.392914460810812,0.0600736022127661
"p",0.3662,0.6531,0.5084,0.3932,0.4864,0.3786,48.312085409276,3.73825831775701,48.312085409276,3.73825831775701,38.5550005293841,4.12397841425329,-0.00150322297297301,0.994384642193499
"p",0.8556,0.7543,0.8332,0.7805,0.9022,0.8752,9.27513505841806,2.59596286604361,-9.27513505841806,-2.59596286604361,13.4141001286012,1.58758141767513,-0.18213255945946,0.395563429835679
"p",0.5072,0.4278,0.2028,0.1988,0.279,0.3135,36.7824549574031,6.81404286604361,-36.7824549574031,-6.81404286604361,90.5198067555015,6.63638940939319,-0.27621418918919,0.20840348653211
"p",0.6573,0.9608,0.9789,0.6165,0.7631,0.6781,22.4160552591408,0.416030031152647,-22.4160552591408,-0.416030031152647,2.92053060428983,2.31891192818315,0.115339602702703,0.565947590508652
"p",0.482,0.8244,0.6022,0.4478,0.5876,0.4749,37.7832946662879,1.87383660436137,37.7832946662879,1.87383660436137,30.4074504559783,3.6421756215683,-0.019158854054054,0.92879731645436
"p",0.6341,0.5043,0.6856,0.8899,0.781,0.8073,25.8481980999118,5.55962140186916,-25.8481980999118,-5.55962140186916,23.4234877652487,1.0933804318083,-0.118369463513514,0.574771026493309
"p",0.2868,0.0889,0.0677,0.1899,0.2658,0.2182,57.3387113601444,14.0745718380062,-57.3387113601444,-14.0745718380062,133.376164917352,6.25040082929462,-0.577658924324326,0.00582146845357669
"p",0.4784,0.3458,0.1569,0.3967,0.5256,0.4387,37.3957386427697,7.77952595015576,37.3957386427697,7.77952595015576,92.490960861667,3.90456120713814,0.175349056756757,0.402190827020013
"p",0.7982,0.9335,0.9447,0.9189,0.9146,0.9139,13.2530104118497,0.643767040498442,13.2530104118497,0.643767040498442,5.58106304252039,0.793652403704875,-0.107973856756757,0.601052823590382
"p",0.1431,0.3494,0.7103,0.2424,0.2005,0.1721,78.2751413789327,7.84826190031153,78.2751413789327,7.84826190031153,21.9782932446202,5.50830226643558,0.0812324945945949,0.702190496215434
"p",0.074,0.0809,0.2384,0.1798,0.1028,0.0995,94.7362442766645,14.7014994080997,94.7362442766645,14.7014994080997,76.3602198140606,6.41730793514639,0.37497157837838,0.0770030571590191
"p",0.76,0.7992,0.5925,0.818,0.8902,0.8513,16.0679325143113,2.05051585669782,-16.0679325143113,-2.05051585669782,31.4378055509216,1.46211160609091,-0.0436994770270272,0.836930215379682
"p",0.1259,0.0856,0.2159,0.3639,0.1757,0.1976,80.6440494254343,14.157007694704,80.6440494254343,14.157007694704,80.2619604497843,4.28656476478861,0.321660655405407,0.133324212691669
"p",0.1642,0.085,0.03,0.0944,0.1357,0.1116,70.8618740819827,13.6096706542056,-70.8618740819827,-13.6096706542056,153.666039535644,7.4552540725288,-0.327788586486488,0.100741698960743
"p",0.6808,0.8106,0.9455,0.9448,0.8233,0.8626,20.6535123418044,1.88020489096573,20.6535123418044,1.88020489096573,5.43753306665923,0.658893306250402,0.0435049202702702,0.829021298693585
"p",0.1336,0.2409,0.5516,0.3161,0.186,0.1904,81.7030763299544,10.0903037071651,81.7030763299544,10.0903037071651,35.9342648518042,4.84330401605051,0.0608158959459462,0.779859466311936
"p",0.1893,0.276,0.7096,0.525,0.2641,0.3067,71.2450327015158,9.21664398753894,71.2450327015158,9.21664398753894,23.0346344878543,3.28452506494121,0.222099625675676,0.306275716810669
"p",0.0558,0.0597,0.2374,0.1964,0.0815,0.0938,102.525495145226,15.6065368224299,102.525495145226,15.6065368224299,76.1887995918063,6.26770214883224,0.431593062162163,0.0407605423790586
"p",0.6291,0.9056,0.9793,0.8327,0.7745,0.7738,24.8571480025888,0.99273937694704,24.8571480025888,0.99273937694704,3.09246475079893,1.30507920592652,-0.00306668648648667,0.988317827689862
"p",0.7146,0.8194,0.4823,0.4335,0.5647,0.5838,19.8495676204973,1.86168510903427,-19.8495676204973,1.86168510903427,41.2944382664838,3.9241874462632,0.196357124324325,0.352423336693447
"p",0.8969,0.9773,0.7497,0.8899,0.9655,0.9442,6.89037908886823,0.272640996884735,6.89037908886823,-0.272640996884735,18.5372948473958,1.02185287190603,-0.0339815770270263,0.872658336432163
"p",0.8624,0.7725,0.5345,0.7841,0.9077,0.8844,9.02479120182986,2.38669152647975,-9.02479120182986,-2.38669152647975,33.721154028957,1.63218106196325,-0.235226183783784,0.252182202421648
"p",0.6411,0.8575,0.0179,0.0689,0.0991,0.1932,25.5346951918398,1.56981679127726,25.5346951918398,1.56981679127726,206.325670346203,9.81623283558917,0.0525132824324328,0.810114602310642
"p",0.6109,0.6388,0.8944,0.941,0.7545,0.8144,25.6752781486419,3.67777517133957,25.6752781486419,3.67777517133957,8.08067595758697,0.592275567126191,0.0710921500000003,0.722010791393443
"p",0.0659,0.0609,0.1935,0.1917,0.0962,0.0997,90.6581150857354,14.1943311838006,90.6581150857354,14.1943311838006,72.9782040707311,5.36888050920885,0.175601782432433,0.375219347628909
"p",0.2252,0.1964,0.3561,0.41,0.3111,0.2949,62.363602449779,10.4915119003115,62.363602449779,10.4915119003115,54.3638010815152,3.75173679031175,0.208668193243244,0.321080059768645
"p",0.6518,0.2513,0.2478,0.398,0.527,0.5275,24.654531962715,9.86589582554517,-24.654531962715,-9.86589582554517,76.1226822626453,4.24836054910992,-0.420153927027029,0.0520628133393651
"p",0.6058,0.5705,0.7344,0.8691,0.7505,0.7776,28.0401309643401,4.75717292834891,28.0401309643401,4.75717292834891,20.4758747239931,1.21101919045776,0.137507556756757,0.519452423726141
"p",0.2973,0.403,0.0863,0.093,0.13,0.1516,56.1399376686188,7.02205473520249,56.1399376686188,7.02205473520249,123.670844357552,8.54318349189691,0.0999009743243248,0.638504696339391
"p",0.0787,0.0668,0.1846,0.2617,0.1126,0.1282,95.4897988355272,15.622748411215,95.4897988355272,15.622748411215,90.6790023718016,5.49739768841662,0.416427170270271,0.0511111795695647
"p",0.8099,0.6643,0.6017,0.7823,0.9036,0.8562,11.9183311110298,3.45583049844237,-11.9183311110298,-3.45583049844237,27.435071742472,1.53273081180281,-0.194113166216217,0.339717437416238
"p",0.4704,0.8351,0.7639,0.5299,0.6133,0.518,37.9273808275346,1.66964352024922,37.9273808275346,1.66964352024922,17.0539730272857,3.00833344990193,-0.0255897067567569,0.901464910837526
"p",0.0669,0.0644,0.0945,0.1045,0.093,0.0732,99.4926325060062,15.5565063239875,99.4926325060062,15.5565063239875,120.88412848385,8.3121160955321,0.346915736486488,0.104737720029871
"p",0.741,0.6018,0.6711,0.8585,0.8721,0.8574,17.6367538029424,4.34539130841121,17.6367538029424,4.34539130841121,23.0243691336307,1.1864092131668,-0.0214903418918924,0.915831512505581
"p",0.261,0.4677,0.5619,0.3514,0.3607,0.291,57.6126990463404,5.77400482866044,57.6126990463404,5.77400482866044,30.6658944226144,4.08466171129842,0.0862551094594598,0.66842499195906
"p",0.2169,0.3164,0.5107,0.4556,0.3001,0.3076,67.7822777652489,8.4643408411215,67.7822777652489,8.4643408411215,39.5345740034886,3.84430820066218,0.22345598918919,0.300563685916363
"p",0.1399,0.2524,0.1603,0.1232,0.1764,0.1161,74.4573020034028,9.03436996884735,74.4573020034028,9.03436996884735,82.3060446505309,6.6001276814272,0.116719468918919,0.555608482780407
"p",0.797,0.8802,0.8217,0.778,0.9018,0.8494,13.9758789024282,1.21081096573209,-13.9758789024282,1.21081096573209,13.4999370564577,1.61010099360938,0.136833845945947,0.504221761177815
"p",0.7938,0.7492,0.7609,0.7698,0.8921,0.84,13.7381241976916,2.51612401869159,-13.7381241976916,-2.51612401869159,16.4948119190274,1.58892704660522,-0.144841467567568,0.476916744795649
"p",0.4339,0.5275,0.8432,0.829,0.5695,0.6361,40.6519644317714,5.12509682242991,40.6519644317714,5.12509682242991,12.0340018153914,1.30504617624463,0.115965908108109,0.571352655240694
"p",0.2804,0.5031,0.7518,0.477,0.3826,0.3598,57.1260725786577,5.59105093457944,57.1260725786577,5.59105093457944,18.3636462008205,3.33387632228576,0.172625310810812,0.403394742316813
"p",0.0368,0.1149,0.4194,0.0607,0.0536,0.0407,114.300854763382,13.289238317757,114.300854763382,13.289238317757,49.6103693391879,9.96450730404016,0.383456894594597,0.0737532396659758
"p",0.7227,0.8359,0.6848,0.6529,0.7968,0.7343,18.2716499166622,1.73606978193146,-18.2716499166622,-1.73606978193146,23.0520844831185,2.13674400608098,0.0155795905405403,0.941535759425869
"p",0.319,0.1998,0.2386,0.3386,0.4317,0.3168,50.2754484579377,10.1199347975078,50.2754484579377,10.1199347975078,67.0285465831683,4.14580941939828,0.204444671621622,0.308324364705203
"p",0.1093,0.1287,0.2247,0.2653,0.1545,0.1553,81.7727664622039,12.0618900934579,81.7727664622039,12.0618900934579,72.1782842865336,4.95700234008749,0.148042702702703,0.466849050252031
"p",0.4166,0.5462,0.586,0.1479,0.2087,0.2367,40.5837502765274,4.67386635514018,40.5837502765274,4.67386635514018,27.946992965388,6.16115705112268,-0.0720039770270272,0.717138319414385
"p",0.2578,0.4657,0.181,0.1743,0.2405,0.1959,57.252743787335,5.79017056074767,57.252743787335,5.79017056074767,84.5299916325919,6.18093314860808,-0.0181757756756756,0.930153073270291
"p",0.3667,0.3722,0.3572,0.5109,0.4885,0.438,47.9990777202238,7.39519822429907,-47.9990777202238,-7.39519822429907,52.996399728605,3.14788102929554,-0.219447478378379,0.291676097345221
"p",0.2219,0.312,0.0653,0.0791,0.114,0.1177,65.3886041398285,8.40270401869159,65.3886041398285,8.40270401869159,138.039390474796,9.21115633173702,0.132081717567568,0.537808575104974
"p",0.0728,0.1953,0.2589,0.0889,0.1033,0.0721,95.3327823035588,10.7947765109034,95.3327823035588,10.7947765109034,70.5078694687204,8.48821608251881,0.121520591891893,0.565908860412454
"p",0.7078,0.8573,0.7771,0.6855,0.8309,0.745,19.3608377158565,1.4337053894081,19.3608377158565,1.4337053894081,15.6606094231603,2.00066282380659,-0.0237249310810812,0.907764119663909
"p",0.2176,0.4824,0.6831,0.2663,0.3026,0.2279,63.0579504483853,5.64542763239875,63.0579504483853,5.64542763239875,21.7404735474412,4.76416143498204,0.00562177027027011,0.977650535760951
"p",0.3735,0.521,0.5623,0.5329,0.5014,0.4525,47.4194185543248,5.32509682242991,-47.4194185543248,-5.32509682242991,32.9604775344307,3.12557569734672,-0.0567270932432435,0.787264667296659
"p",0.4427,0.593,0.9237,0.8166,0.5775,0.6377,40.9269135027574,4.41369875389408,-40.9269135027574,-4.41369875389408,7.23567094953218,1.45764976360313,-0.0614640216216221,0.769865368035415
"p",0.1067,0.0415,0.0344,0.1175,0.1479,0.1012,84.517605594256,16.7588494080997,84.517605594256,16.7588494080997,160.201111287498,7.35996790537716,0.370645452702704,0.0711650672283409
"p",0.9337,0.8422,0.9928,0.9849,0.9873,0.9893,4.40810671135118,1.58904043613707,4.40810671135118,1.58904043613707,1.61415481927475,0.321003388022045,0.0594275689189191,0.772930770071995
"p",0.2563,0.3825,0.5432,0.4864,0.3494,0.3506,59.7206233161354,7.18102959501558,59.7206233161354,7.18102959501558,34.0781831755791,3.2996391669051,0.0250358081081082,0.90608082811268
"p",0.8295,0.8521,0.1566,0.3495,0.468,0.5622,11.3854034708147,1.54784401869159,11.3854034708147,1.54784401869159,93.8285820221508,4.31007468444431,0.134487916216217,0.521410840035644
"p",0.5874,0.5206,0.6141,0.5599,0.7107,0.6042,30.2954869595312,5.67790763239875,-30.2954869595312,-5.67790763239875,32.0552425646232,3.2323164439299,-0.354905340540542,0.10530115129162
"p",0.8533,0.7871,0.9044,0.9698,0.9473,0.9568,10.297773570918,2.30556560747663,10.297773570918,2.30556560747663,8.92508588094546,0.484490624650975,0.157345341891893,0.472295481871418
"p",0.4305,0.6215,0.7205,0.6439,0.5631,0.5504,41.7256454433778,4.12806943925234,41.7256454433778,4.12806943925234,20.8829869061115,2.31078382630837,0.0164749094594595,0.937393901318916
"p",0.6136,0.881,0.8173,0.3323,0.4502,0.4645,25.7428678129705,1.18360255451713,25.7428678129705,-1.18360255451713,12.9521879400007,4.10369564344167,-0.130947456756757,0.518913339458954
"p",0.6627,0.8366,0.6422,0.688,0.8071,0.7233,24.0163538384001,1.7188992211838,-24.0163538384001,-1.7188992211838,29.14007339353,2.41190383237503,-0.0165575162162163,0.939646564823053
"p",0.926,0.7391,0.5132,0.5736,0.7177,0.7816,4.80062330183543,2.63264725856698,-4.80062330183543,-2.63264725856698,33.5609974663005,2.45475102126751,-0.172202563513514,0.391863848321496
"p",0.2811,0.2601,0.5119,0.5432,0.3825,0.3869,56.2995094539991,9.00410598130841,-56.2995094539991,-9.00410598130841,35.6126408010414,2.89072066667823,-0.12186572027027,0.553743470254555
"p",0.5911,0.4371,0.4375,0.5106,0.6534,0.577,29.1478353643728,6.56588713395639,29.1478353643728,6.56588713395639,46.5943321483641,3.293546745076,0.135273975675676,0.529173394695603
"p",0.9135,0.6485,0.758,0.8622,0.957,0.9446,5.77418821487792,3.74237376947041,-5.77418821487792,-3.74237376947041,17.9841122058112,1.23502800886295,-0.0493857635135128,0.816100110772563
"p",0.2964,0.3154,0.3879,0.5376,0.4002,0.4004,55.2691284065219,8.34544517133956,55.2691284065219,8.34544517133956,50.230356428267,2.99541164818316,0.119478562162163,0.565918649007098
"p",0.4358,0.715,0.6358,0.5087,0.5731,0.4856,39.6134390473257,2.9284468847352,39.6134390473257,2.9284468847352,24.6137735276989,2.9369703893552,-0.023499845945946,0.905899812186771
"p",0.5077,0.519,0.6298,0.6192,0.6473,0.5851,34.6129454285878,5.2553870093458,34.6129454285878,5.2553870093458,26.2753363376342,2.46444273823392,0.168685163513514,0.424004346201587
"p",0.247,0.1421,0.1751,0.1977,0.2757,0.2089,56.0974173330058,11.063086635514,56.0974173330058,11.063086635514,73.582174861715,5.10379793198003,0.23154651891892,0.227267192896117
"p",0.0351,0.11,0.2959,0.0454,0.0512,0.0331,114.271787972172,13.5413888161994,114.271787972172,13.5413888161994,66.3604140129087,10.7693833779778,0.141164921621622,0.512116491047561
"p",0.6,0.7482,0.1452,0.2988,0.4027,0.4293,25.7784292972252,2.51662137071651,25.7784292972252,2.51662137071651,86.9346603676964,4.26723850391844,-0.0294033554054049,0.882895386345246
"p",0.0407,0.066,0.269,0.1305,0.0586,0.0632,113.063867407417,15.8349870093458,-113.063867407417,-15.8349870093458,75.8032948953594,8.02046043657161,-0.35685015810811,0.105855561039149
"p",0.3246,0.3429,0.5435,0.6234,0.4339,0.4549,52.8813135660818,7.79236342679128,52.8813135660818,7.79236342679128,35.0856995672003,2.59795435694589,0.0420349108108109,0.841654114584139
"p",0.6981,0.9076,0.5905,0.7091,0.8374,0.7585,20.9359348615793,1.02938676012461,20.9359348615793,1.02938676012461,30.5486983353975,2.05822656268324,-0.0201776364864866,0.923870428434492
"p",0.9228,0.9584,0.6996,0.7504,0.8837,0.8948,5.11115764535498,0.428745420560749,5.11115764535498,-0.428745420560749,22.4917333752182,1.89358645700898,0.0096165121621622,0.963247599155109
"p",0.9937,0.9689,0.7148,0.8981,0.9731,0.981,0.402873697995646,0.302418722741434,0.402873697995646,0.302418722741434,17.994744605559,0.820121054400709,0.00386400675675682,0.984091969058954
"p",0.807,0.287,0.1217,0.1772,0.2481,0.3795,12.5730462869457,8.21117361370717,-12.5730462869457,-8.21117361370717,96.0969178358144,5.76147164252544,-0.421824970270272,0.0321470245479831
"p",0.9865,0.6621,0.8009,0.678,0.8144,0.878,0.822018411358027,3.6335237694704,-0.822018411358027,3.6335237694704,15.7889003713255,2.21793395723983,0.159936862162163,0.445033929252825
"p",0.1586,0.1972,0.24,0.2745,0.2224,0.1963,71.7365489661688,10.3615407165109,71.7365489661688,10.3615407165109,68.0876375362645,4.62013096354894,0.314718751351353,0.118249159820541
"p",0.8137,0.8648,0.9355,0.6038,0.7518,0.7559,11.8831036006996,1.36824099688474,-11.8831036006996,1.36824099688474,5.96124444413724,2.41364849074438,0.00936347972972979,0.962887394214031
"p",0.305,0.1128,0.1634,0.1966,0.272,0.2295,53.1049796877062,12.90278105919,53.1049796877062,12.90278105919,88.7608783487573,5.89739874213722,0.327451559459461,0.112952768913539
"p",0.3149,0.5659,0.7713,0.4945,0.4245,0.3931,56.8147571838267,5.00497987538941,56.8147571838267,5.00497987538941,18.8586120560173,3.71726400406392,-0.154863120270271,0.483246049963674
